sources/MAKEGEO/QATERR.GRD
DSAA
          99          99
    310.5000    408.5000
   4820.5000   4918.5000
  0.0000E+00  0.1758E+04
[rows 0 to 24 of 99, columns 0 to 56 of 99]
4.8810E+02 5.0230E+02 4.6080E+02 5.1310E+02 4.1290E+02 3.4970E+02 1.9540E+02 1.5740E+02 1.8130E+02 2.1260E+02 2.3110E+02 2.3700E+02 2.6540E+02 2.4830E+02 2.3810E+02 3.0410E+02 3.1150E+02 2.9020E+02 3.7230E+02 4.1950E+02 3.8740E+02 4.2430E+02 3.7910E+02 3.1720E+02 2.7060E+02 2.4150E+02 1.7080E+02 2.0130E+02 2.1190E+02 2.0810E+02 2.1940E+02 1.8600E+02 1.8670E+02 2.4290E+02 2.4130E+02 2.1380E+02 1.8790E+02 1.8170E+02 1.5750E+02 1.4920E+02 1.7390E+02 1.9830E+02 1.9030E+02 1.9760E+02 2.2300E+02 2.2700E+02 1.4960E+02 1.2750E+02 1.4940E+02 1.2880E+02 8.7000E+01 9.0900E+01 9.1700E+01 1.0450E+02 1.1450E+02 1.1520E+02 9.3800E+01
3.7280E+02 3.5220E+02 3.3090E+02 3.8350E+02 2.9230E+02 2.7070E+02 1.7960E+02 1.5750E+02 1.8980E+02 1.7720E+02 1.9920E+02 1.9680E+02 2.0110E+02 2.0880E+02 2.4170E+02 2.5070E+02 2.4360E+02 3.0890E+02 4.3390E+02 4.3670E+02 3.2300E+02 3.7640E+02 4.1990E+02 3.6740E+02 2.3400E+02 2.0450E+02 1.8230E+02 2.1540E+02 2.0940E+02 2.0440E+02 1.8590E+02 1.6730E+02 1.7820E+02 2.4690E+02 2.3800E+02 2.1740E+02 1.8760E+02 1.6770E+02 1.5010E+02 1.5390E+02 1.8040E+02 1.7780E+02 1.9590E+02 2.1220E+02 2.2530E+02 2.3670E+02 1.6530E+02 1.4090E+02 1.5030E+02 1.0710E+02 8.7600E+01 9.0400E+01 9.4400E+01 9.5000E+01 9.4600E+01 9.3700E+01 8.4900E+01
3.4020E+02 2.9870E+02 2.6330E+02 2.6160E+02 2.1560E+02 2.0840E+02 1.6920E+02 1.5400E+02 1.6070E+02 1.5630E+02 1.6490E+02 1.8340E+02 2.0710E+02 2.4920E+02 2.4600E+02 2.6190E+02 2.5500E+02 2.6630E+02 3.9950E+02 4.5460E+02 3.2410E+02 2.5100E+02 2.5180E+02 2.2670E+02 1.8360E+02 1.8080E+02 1.8160E+02 1.8400E+02 1.7460E+02 1.8560E+02 1.8610E+02 1.7130E+02 2.0870E+02 2.2110E+02 2.1420E+02 2.0800E+02 1.7670E+02 1.5730E+02 1.5210E+02 1.5190E+02 1.7550E+02 1.9820E+02 2.1260E+02 2.2280E+02 2.7210E+02 2.3950E+02 1.6450E+02 1.4370E+02 1.4830E+02 1.1140E+02 9.1300E+01 9.1000E+01 9.1900E+01 9.1100E+01 9.1000E+01 8.8500E+01 1.0180E+02
3.4240E+02 2.8360E+02 2.3770E+02 1.8570E+02 1.7090E+02 1.5800E+02 1.5430E+02 1.5400E+02 1.5400E+02 1.5410E+02 1.7240E+02 1.7780E+02 1.9910E+02 2.1540E+02 2.7750E+02 2.6370E+02 2.4820E+02 2.5750E+02 3.3000E+02 3.4970E+02 2.6330E+02 2.1110E+02 1.8660E+02 1.8170E+02 1.7560E+02 1.7770E+02 1.7060E+02 1.7380E+02 2.2880E+02 2.4830E+02 2.1300E+02 1.9210E+02 1.8360E+02 1.8650E+02 2.1390E+02 2.1130E+02 1.7360E+02 1.6130E+02 1.5760E+02 1.5130E+02 1.8660E+02 2.1020E+02 2.0780E+02 2.2840E+02 2.8950E+02 1.9780E+02 1.5480E+02 1.5570E+02 1.5440E+02 1.3320E+02 1.1380E+02 9.1000E+01 9.1000E+01 9.0700E+01 9.0600E+01 9.1000E+01 1.0490E+02
3.7220E+02 2.3250E+02 2.2020E+02 1.7110E+02 1.5820E+02 1.5400E+02 1.5400E+02 1.5400E+02 1.5400E+02 1.5400E+02 1.5400E+02 1.5410E+02 1.8170E+02 2.0120E+02 2.0210E+02 2.1180E+02 2.2380E+02 2.4590E+02 2.7510E+02 3.0940E+02 2.5060E+02 2.1220E+02 1.9840E+02 1.8080E+02 1.7990E+02 1.7810E+02 1.7810E+02 2.0190E+02 2.4680E+02 2.7180E+02 2.5870E+02 1.9270E+02 1.7780E+02 1.7680E+02 2.0320E+02 2.1270E+02 1.8180E+02 1.6200E+02 1.6150E+02 1.5190E+02 1.7520E+02 1.8760E+02 1.9810E+02 2.3050E+02 1.9360E+02 1.5230E+02 1.5710E+02 1.7290E+02 1.5850E+02 1.4680E+02 1.1470E+02 9.6300E+01 9.1000E+01 8.9900E+01 8.7800E+01 8.7500E+01 8.8700E+01
2.8760E+02 1.8330E+02 1.5520E+02 1.5400E+02 1.5460E+02 1.6450E+02 1.5510E+02 1.5400E+02 1.5400E+02 1.5400E+02 1.5400E+02 1.5400E+02 1.5600E+02 1.7060E+02 1.8240E+02 1.8590E+02 2.1780E+02 2.0570E+02 2.3860E+02 2.8900E+02 2.3100E+02 2.0760E+02 1.9610E+02 1.8260E+02 1.8400E+02 1.9130E+02 1.9270E+02 1.9400E+02 2.1810E+02 2.2120E+02 1.8780E+02 1.8990E+02 1.9720E+02 1.9300E+02 2.1470E+02 2.0790E+02 1.8310E+02 1.6680E+02 1.7210E+02 1.5310E+02 1.7620E+02 1.9250E+02 2.2130E+02 1.9420E+02 1.5330E+02 1.5210E+02 1.7930E+02 1.5600E+02 1.6460E+02 1.6100E+02 1.2550E+02 1.0620E+02 9.1500E+01 9.0200E+01 8.8800E+01 8.5400E+01 8.7000E+01
1.8460E+02 1.5720E+02 1.5400E+02 1.5480E+02 1.6930E+02 1.6100E+02 1.5400E+02 1.5400E+02 1.5410E+02 1.5410E+02 1.5410E+02 1.5590E+02 1.7060E+02 1.9640E+02 1.8350E+02 1.8200E+02 1.9170E+02 2.0430E+02 2.4960E+02 2.9050E+02 2.2830E+02 2.1300E+02 2.1140E+02 1.9590E+02 2.0220E+02 2.1350E+02 1.9190E+02 1.8090E+02 1.7700E+02 1.7500E+02 1.7910E+02 1.8720E+02 2.0530E+02 1.8740E+02 1.8050E+02 1.9110E+02 1.7730E+02 1.8080E+02 1.6610E+02 1.5450E+02 1.8100E+02 2.0200E+02 2.3210E+02 1.8750E+02 1.5290E+02 1.5230E+02 1.6310E+02 1.4990E+02 1.7320E+02 2.0750E+02 1.4900E+02 1.1960E+02 1.0250E+02 1.0740E+02 1.0670E+02 9.0900E+01 1.0220E+02
1.5520E+02 1.5400E+02 1.5400E+02 1.5400E+02 1.5400E+02 1.5400E+02 1.5450E+02 1.6070E+02 1.6500E+02 1.6600E+02 1.6000E+02 1.5580E+02 1.7330E+02 1.8780E+02 1.7600E+02 1.7110E+02 1.7110E+02 1.7650E+02 1.9940E+02 2.0350E+02 1.8950E+02 2.1110E+02 1.9720E+02 1.8780E+02 2.1600E+02 2.3150E+02 2.1260E+02 1.9730E+02 1.7780E+02 1.7500E+02 1.7500E+02 1.7980E+02 1.7920E+02 1.8180E+02 1.8320E+02 1.9120E+02 1.8300E+02 1.7850E+02 1.6060E+02 1.7610E+02 1.8810E+02 1.9460E+02 2.1010E+02 1.7060E+02 1.5190E+02 1.5120E+02 1.4780E+02 1.4850E+02 2.0070E+02 2.6010E+02 1.6230E+02 1.1310E+02 1.1130E+02 1.2130E+02 1.0220E+02 1.1250E+02 1.0510E+02
1.5400E+02 1.5400E+02 1.5400E+02 1.5400E+02 1.5400E+02 1.5400E+02 1.5500E+02 1.5480E+02 1.6310E+02 1.9760E+02 1.8870E+02 1.6600E+02 1.6320E+02 1.6470E+02 1.6200E+02 1.6250E+02 1.6200E+02 1.6200E+02 1.6780E+02 2.1200E+02 2.1640E+02 2.1320E+02 1.8960E+02 1.9740E+02 2.2830E+02 2.5590E+02 2.5680E+02 2.0480E+02 1.7820E+02 1.7820E+02 1.8460E+02 2.2120E+02 2.0940E+02 1.8430E+02 1.8300E+02 1.8300E+02 1.8300E+02 1.8040E+02 1.6630E+02 1.6570E+02 1.9710E+02 2.4610E+02 2.1470E+02 1.5730E+02 1.4810E+02 1.4350E+02 1.4210E+02 1.6450E+02 2.0640E+02 2.1760E+02 1.5970E+02 1.1000E+02 1.0890E+02 1.1920E+02 1.2010E+02 1.2010E+02 9.1400E+01
1.5400E+02 1.5400E+02 1.5400E+02 1.5400E+02 1.5400E+02 1.6340E+02 1.5970E+02 1.6270E+02 1.9700E+02 2.2640E+02 1.9710E+02 1.8130E+02 1.7270E+02 1.6200E+02 1.6200E+02 1.6210E+02 1.6200E+02 1.6550E+02 2.0010E+02 2.5330E+02 2.5710E+02 2.2240E+02 2.0720E+02 2.1670E+02 2.5230E+02 2.8000E+02 2.6420E+02 2.1430E+02 1.8930E+02 1.8340E+02 2.0630E+02 2.3210E+02 2.0310E+02 1.8220E+02 1.8300E+02 1.8300E+02 1.8340E+02 1.7410E+02 1.5300E+02 1.7490E+02 2.0080E+02 2.0920E+02 1.6420E+02 1.4580E+02 1.4300E+02 1.3710E+02 1.4890E+02 1.5570E+02 1.8200E+02 1.9940E+02 1.7050E+02 1.1980E+02 1.0830E+02 1.0950E+02 1.2530E+02 1.3050E+02 9.4300E+01
1.5400E+02 1.5400E+02 1.5400E+02 1.5400E+02 1.5430E+02 1.7750E+02 1.6770E+02 1.6000E+02 1.9430E+02 2.2760E+02 2.0340E+02 1.9100E+02 1.8460E+02 1.7420E+02 1.6310E+02 1.6200E+02 1.6200E+02 1.7150E+02 1.8320E+02 2.0510E+02 2.2550E+02 2.4060E+02 2.4430E+02 2.8110E+02 3.0150E+02 2.8250E+02 2.5890E+02 2.3490E+02 2.0960E+02 1.9000E+02 1.8170E+02 1.7910E+02 1.8010E+02 1.9270E+02 2.0650E+02 1.8880E+02 1.9240E+02 1.7250E+02 1.5450E+02 1.5290E+02 1.5680E+02 1.4910E+02 1.3920E+02 1.2530E+02 1.2410E+02 1.3690E+02 1.5180E+02 1.5670E+02 1.5070E+02 1.4040E+02 1.2520E+02 1.0650E+02 1.0910E+02 1.1240E+02 1.2290E+02 1.3570E+02 1.1790E+02
1.5400E+02 1.5400E+02 1.5400E+02 1.5410E+02 1.5420E+02 1.6570E+02 1.5640E+02 1.5570E+02 1.7970E+02 2.0110E+02 2.4480E+02 2.3240E+02 2.2690E+02 2.2170E+02 1.7980E+02 1.7270E+02 1.7110E+02 1.8030E+02 2.0460E+02 2.4950E+02 2.9590E+02 3.0090E+02 2.9560E+02 2.9280E+02 2.6850E+02 2.6030E+02 2.4250E+02 1.8910E+02 1.8380E+02 1.7840E+02 1.7830E+02 1.8310E+02 1.8320E+02 1.9760E+02 2.1580E+02 2.0590E+02 2.1510E+02 1.5650E+02 1.6630E+02 1.5370E+02 1.5810E+02 1.4480E+02 1.2080E+02 1.2200E+02 1.2200E+02 1.2830E+02 1.5130E+02 1.5310E+02 1.2430E+02 1.1500E+02 1.0650E+02 1.2060E+02 1.3630E+02 1.1170E+02 1.0930E+02 1.3140E+02 1.1890E+02
1.5400E+02 1.5400E+02 1.5460E+02 1.5770E+02 1.5640E+02 1.7700E+02 1.5780E+02 1.5690E+02 1.7970E+02 1.9920E+02 2.1990E+02 2.3800E+02 2.4150E+02 2.3300E+02 1.9100E+02 1.8640E+02 1.8660E+02 2.0100E+02 2.5050E+02 2.7590E+02 2.6910E+02 2.3860E+02 2.3270E+02 2.2410E+02 2.0870E+02 1.9540E+02 1.7950E+02 1.8810E+02 1.9590E+02 1.8170E+02 1.8310E+02 2.0050E+02 1.9400E+02 2.0410E+02 2.5470E+02 2.4480E+02 2.0110E+02 1.4960E+02 1.4480E+02 1.4320E+02 1.8060E+02 1.4060E+02 1.2210E+02 1.2200E+02 1.2200E+02 1.3400E+02 1.6810E+02 1.4410E+02 1.3050E+02 1.0480E+02 1.0600E+02 1.3880E+02 1.4560E+02 1.1280E+02 9.6600E+01 1.1940E+02 1.0280E+02
1.5440E+02 1.5420E+02 1.5430E+02 1.5770E+02 1.5960E+02 1.8170E+02 1.7180E+02 1.6680E+02 1.7660E+02 1.9240E+02 2.2140E+02 2.4540E+02 2.6420E+02 2.4100E+02 2.1540E+02 2.1390E+02 2.1900E+02 2.4370E+02 2.7330E+02 2.8650E+02 2.6730E+02 2.2830E+02 2.2070E+02 2.0900E+02 1.8660E+02 1.7940E+02 2.1580E+02 2.6180E+02 2.2640E+02 1.8630E+02 1.9020E+02 2.0610E+02 2.0610E+02 1.9860E+02 1.9880E+02 1.7580E+02 1.4940E+02 1.5230E+02 1.7040E+02 1.4670E+02 1.6370E+02 1.4440E+02 1.2240E+02 1.2260E+02 1.2200E+02 1.2400E+02 1.2740E+02 1.2020E+02 1.0690E+02 9.8100E+01 1.0430E+02 1.2540E+02 1.4500E+02 1.2090E+02 1.0160E+02 9.7600E+01 9.1500E+01
1.5610E+02 1.5460E+02 1.5710E+02 1.5400E+02 1.5640E+02 1.6430E+02 1.7400E+02 1.7930E+02 1.8170E+02 2.1450E+02 2.7650E+02 2.8690E+02 3.2300E+02 3.0060E+02 2.4800E+02 2.1990E+02 2.3910E+02 2.6580E+02 3.0800E+02 3.2900E+02 3.1920E+02 2.4020E+02 2.2880E+02 2.0340E+02 1.9910E+02 1.9430E+02 2.2260E+02 2.6670E+02 2.2890E+02 1.9010E+02 2.0960E+02 1.9920E+02 1.7720E+02 1.6270E+02 1.5170E+02 1.4380E+02 1.4500E+02 1.6170E+02 1.5800E+02 1.6790E+02 1.3160E+02 1.2410E+02 1.4040E+02 1.4600E+02 1.2360E+02 1.1670E+02 1.1080E+02 1.0550E+02 1.0240E+02 9.8400E+01 1.0610E+02 1.1540E+02 1.2100E+02 1.1830E+02 1.0100E+02 9.1100E+01 9.0700E+01
1.7240E+02 1.6660E+02 1.5400E+02 1.5400E+02 1.5400E+02 1.5460E+02 1.6540E+02 1.7990E+02 1.9650E+02 2.3290E+02 2.6570E+02 3.2010E+02 3.1540E+02 3.7140E+02 2.6990E+02 2.3610E+02 2.8650E+02 2.8980E+02 3.0680E+02 3.0610E+02 2.4630E+02 2.1980E+02 1.9330E+02 1.8550E+02 1.9690E+02 2.1810E+02 2.2520E+02 2.1350E+02 1.8550E+02 2.0680E+02 2.2500E+02 2.0360E+02 1.7440E+02 1.5360E+02 1.4800E+02 1.4920E+02 1.6430E+02 1.8780E+02 1.8350E+02 1.7410E+02 1.4110E+02 1.4670E+02 1.5840E+02 1.4620E+02 1.2040E+02 1.1250E+02 1.1390E+02 1.1310E+02 1.0150E+02 9.7200E+01 9.9600E+01 9.3000E+01 9.7600E+01 1.0520E+02 9.3200E+01 9.1000E+01 9.1000E+01
1.6690E+02 1.5530E+02 1.5470E+02 1.5420E+02 1.5400E+02 1.5870E+02 1.7350E+02 1.8010E+02 2.0450E+02 2.4160E+02 2.8280E+02 3.2490E+02 3.2320E+02 3.8580E+02 3.0390E+02 2.5970E+02 2.7330E+02 2.9100E+02 3.4480E+02 2.7060E+02 2.1370E+02 1.8340E+02 1.7120E+02 1.8470E+02 2.3460E+02 2.6770E+02 2.3910E+02 2.1290E+02 1.9060E+02 2.1730E+02 2.6830E+02 1.9950E+02 1.5420E+02 1.5200E+02 1.5240E+02 1.6830E+02 1.8050E+02 1.7590E+02 1.5300E+02 1.4060E+02 1.4890E+02 1.5190E+02 1.4130E+02 1.2100E+02 1.1810E+02 1.2960E+02 1.2900E+02 1.1150E+02 9.6400E+01 9.9400E+01 1.0800E+02 9.9000E+01 9.1000E+01 9.1100E+01 9.1000E+01 9.1000E+01 8.8500E+01
1.6160E+02 1.6760E+02 1.6910E+02 1.5460E+02 1.5880E+02 1.8130E+02 1.8130E+02 1.8330E+02 2.1280E+02 2.4280E+02 2.8010E+02 3.0980E+02 3.1380E+02 3.2470E+02 2.8340E+02 3.1820E+02 3.1740E+02 2.8780E+02 2.7310E+02 2.4680E+02 2.0000E+02 1.7230E+02 1.5630E+02 1.8620E+02 2.1760E+02 2.3110E+02 2.2200E+02 2.3020E+02 2.2310E+02 1.9540E+02 2.2100E+02 1.6440E+02 1.6170E+02 1.6810E+02 1.7150E+02 1.8760E+02 1.7210E+02 1.5180E+02 1.4510E+02 1.4840E+02 1.6170E+02 1.3950E+02 1.3520E+02 1.3690E+02 1.3900E+02 1.5840E+02 1.3390E+02 1.0850E+02 1.0220E+02 1.2590E+02 1.2700E+02 9.6400E+01 1.0120E+02 9.3500E+01 9.4500E+01 9.1000E+01 8.2800E+01
1.5480E+02 1.5630E+02 1.5440E+02 1.5400E+02 1.5800E+02 1.8620E+02 1.7650E+02 1.8370E+02 2.0240E+02 2.2550E+02 2.7940E+02 3.2220E+02 2.9860E+02 2.5830E+02 2.7800E+02 3.2510E+02 3.1870E+02 2.6230E+02 2.2490E+02 2.0310E+02 1.8600E+02 1.6860E+02 1.5210E+02 1.6260E+02 1.9020E+02 2.4210E+02 2.6320E+02 2.3210E+02 1.7010E+02 1.4950E+02 1.5500E+02 1.7890E+02 2.1670E+02 2.4640E+02 2.2490E+02 2.2080E+02 1.7820E+02 1.5140E+02 1.5210E+02 1.8600E+02 1.6400E+02 1.4260E+02 1.5410E+02 1.8010E+02 1.6140E+02 1.6330E+02 1.4070E+02 1.0660E+02 1.1300E+02 1.3290E+02 1.2100E+02 1.1600E+02 1.2260E+02 1.0830E+02 1.0280E+02 9.0900E+01 7.7300E+01
1.5400E+02 1.5400E+02 1.5460E+02 1.5700E+02 1.6230E+02 2.0110E+02 1.9780E+02 1.9540E+02 2.1000E+02 2.3440E+02 3.0320E+02 3.2530E+02 2.7360E+02 2.4370E+02 2.5250E+02 3.3150E+02 3.3580E+02 2.5640E+02 2.2000E+02 1.9090E+02 1.8230E+02 1.6430E+02 1.5200E+02 1.7190E+02 2.5770E+02 2.9750E+02 2.4940E+02 1.7550E+02 1.4900E+02 1.4920E+02 1.6470E+02 1.9270E+02 2.7140E+02 3.2290E+02 2.3000E+02 1.8900E+02 1.6570E+02 1.5500E+02 1.7540E+02 1.7500E+02 1.4640E+02 1.4790E+02 1.5380E+02 1.8990E+02 1.7650E+02 1.3110E+02 1.1320E+02 1.1180E+02 1.1710E+02 1.2430E+02 1.3010E+02 1.2260E+02 1.4250E+02 1.3270E+02 9.4700E+01 8.6300E+01 7.0900E+01
1.5400E+02 1.6410E+02 1.9950E+02 1.8420E+02 1.8140E+02 1.9640E+02 1.8290E+02 1.8360E+02 2.0860E+02 2.2320E+02 2.6950E+02 3.0410E+02 2.6100E+02 2.1660E+02 2.1480E+02 2.7970E+02 3.4380E+02 2.6570E+02 2.0020E+02 1.8260E+02 1.8170E+02 1.7310E+02 1.5280E+02 1.8420E+02 2.1160E+02 2.4600E+02 2.0590E+02 1.5550E+02 1.5020E+02 1.5070E+02 1.6510E+02 2.2160E+02 2.8570E+02 2.6160E+02 1.9470E+02 1.8580E+02 1.8620E+02 1.7030E+02 1.6140E+02 1.5580E+02 1.5040E+02 1.6460E+02 1.5480E+02 1.8910E+02 1.3150E+02 1.1630E+02 1.1990E+02 1.2090E+02 1.2370E+02 1.6890E+02 1.6050E+02 1.3930E+02 1.1900E+02 1.0360E+02 9.0900E+01 7.9300E+01 7.4300E+01
1.5500E+02 1.8610E+02 2.0510E+02 1.8480E+02 1.8260E+02 1.8660E+02 1.8830E+02 1.9890E+02 2.1980E+02 2.1700E+02 2.2870E+02 2.7180E+02 2.5370E+02 2.1330E+02 2.1290E+02 2.4300E+02 3.0850E+02 2.3940E+02 1.8900E+02 1.8470E+02 1.7930E+02 1.5960E+02 1.5290E+02 1.5710E+02 1.5320E+02 1.7130E+02 1.7530E+02 1.7480E+02 1.5050E+02 1.5290E+02 1.7960E+02 2.7730E+02 2.6420E+02 2.0560E+02 2.3230E+02 2.1880E+02 1.7640E+02 1.6720E+02 1.8810E+02 2.0830E+02 1.6470E+02 1.7160E+02 1.5240E+02 1.3670E+02 1.2580E+02 1.4850E+02 1.2640E+02 1.4260E+02 1.4650E+02 1.8350E+02 1.7860E+02 1.5290E+02 1.1100E+02 9.3100E+01 9.0400E+01 8.0400E+01 7.8700E+01
1.6760E+02 1.8200E+02 1.9830E+02 2.1130E+02 2.1340E+02 2.2320E+02 2.6530E+02 3.6440E+02 3.1910E+02 2.8480E+02 3.0430E+02 3.0360E+02 2.6540E+02 2.2140E+02 2.0340E+02 2.4170E+02 2.6920E+02 2.1560E+02 1.9440E+02 1.7590E+02 1.6400E+02 1.5260E+02 1.5170E+02 1.5120E+02 1.5230E+02 1.5330E+02 1.5830E+02 1.5730E+02 1.4850E+02 1.5390E+02 1.8220E+02 1.9640E+02 1.7810E+02 2.0010E+02 2.1930E+02 2.0700E+02 1.9360E+02 1.9630E+02 2.3370E+02 2.5640E+02 1.7640E+02 1.7950E+02 1.7330E+02 1.3210E+02 1.5660E+02 1.6420E+02 1.4900E+02 1.5180E+02 1.8720E+02 1.6000E+02 1.7770E+02 1.4370E+02 1.2130E+02 1.1420E+02 9.0700E+01 8.1700E+01 7.6500E+01
1.8050E+02 1.9160E+02 2.2990E+02 2.7990E+02 3.9560E+02 4.0910E+02 4.4660E+02 4.9180E+02 3.1470E+02 2.7690E+02 2.6090E+02 2.7780E+02 3.2100E+02 2.9930E+02 2.0410E+02 1.8720E+02 1.9070E+02 1.7970E+02 1.8100E+02 1.6290E+02 1.4970E+02 1.4840E+02 1.4790E+02 1.5090E+02 1.5770E+02 1.6400E+02 1.7060E+02 1.6870E+02 1.4700E+02 1.6890E+02 1.6510E+02 1.4970E+02 1.7820E+02 2.2860E+02 2.5120E+02 2.8330E+02 2.6860E+02 2.5610E+02 2.7400E+02 2.2760E+02 1.8980E+02 1.8750E+02 1.4790E+02 1.4400E+02 1.8780E+02 1.9820E+02 1.6350E+02 1.5180E+02 2.2130E+02 1.8450E+02 1.8870E+02 1.6600E+02 1.3120E+02 1.0780E+02 9.0400E+01 8.3700E+01 7.6400E+01
1.8600E+02 2.3200E+02 3.5550E+02 3.8590E+02 5.0780E+02 5.6740E+02 6.1410E+02 5.9790E+02 4.8230E+02 3.8840E+02 3.3880E+02 2.7760E+02 2.9600E+02 3.3990E+02 2.2490E+02 1.8260E+02 1.6070E+02 1.5790E+02 1.7080E+02 1.5370E+02 1.4500E+02 1.4290E+02 1.4960E+02 1.6430E+02 1.6920E+02 1.7180E+02 1.7830E+02 1.6300E+02 1.5440E+02 1.5620E+02 1.3820E+02 1.4730E+02 2.0080E+02 2.7620E+02 2.9390E+02 2.6150E+02 2.3280E+02 2.2140E+02 2.9220E+02 2.5010E+02 2.2610E+02 1.6750E+02 1.8320E+02 1.7900E+02 1.8840E+02 2.2090E+02 2.3480E+02 2.0400E+02 2.9720E+02 2.7180E+02 2.1260E+02 1.8830E+02 1.4060E+02 1.0050E+02 9.1000E+01 8.9700E+01 8.4600E+01
