sources/MAKEGEO/QATERR.GRD
DSAA
          99          99
    310.5000    408.5000
   4820.5000   4918.5000
  0.0000E+00  0.1758E+04
[rows 25 to 49 of 99, columns 0 to 56 of 99]
2.0290E+02 2.9110E+02 4.5530E+02 4.5170E+02 5.6020E+02 6.7650E+02 7.8390E+02 7.3920E+02 6.4020E+02 5.8570E+02 4.6230E+02 2.9900E+02 2.5740E+02 3.1180E+02 2.6020E+02 1.7950E+02 1.5320E+02 1.5210E+02 1.5200E+02 1.4750E+02 1.4050E+02 1.4420E+02 1.8770E+02 2.2370E+02 1.9710E+02 1.7960E+02 1.8410E+02 1.6260E+02 1.3750E+02 1.4320E+02 1.3130E+02 1.4830E+02 2.1000E+02 2.6330E+02 2.6440E+02 1.8450E+02 1.6650E+02 2.1400E+02 2.1680E+02 1.9280E+02 1.7340E+02 1.7200E+02 2.5250E+02 2.0230E+02 1.8200E+02 2.7520E+02 3.2270E+02 2.5800E+02 2.6220E+02 2.2550E+02 1.7630E+02 1.5120E+02 1.3330E+02 1.0090E+02 9.1000E+01 8.7200E+01 8.1100E+01
2.5370E+02 3.9570E+02 5.8090E+02 5.9710E+02 6.7590E+02 6.6550E+02 6.8510E+02 6.2820E+02 5.5510E+02 5.6950E+02 4.1590E+02 3.2100E+02 2.6870E+02 2.4250E+02 2.1190E+02 1.6380E+02 1.5520E+02 1.4860E+02 1.4240E+02 1.3810E+02 1.3740E+02 1.6030E+02 3.4060E+02 3.7130E+02 3.0420E+02 2.7470E+02 2.2800E+02 1.6780E+02 1.4720E+02 1.5540E+02 1.4280E+02 1.3320E+02 1.6720E+02 1.7390E+02 1.7580E+02 1.5240E+02 1.4920E+02 1.7930E+02 1.8000E+02 1.7320E+02 1.5870E+02 1.8520E+02 1.9070E+02 1.4280E+02 2.0710E+02 2.9030E+02 3.1170E+02 2.0790E+02 1.9800E+02 1.6950E+02 1.5050E+02 1.6470E+02 1.2480E+02 1.0660E+02 9.0900E+01 8.6600E+01 7.9500E+01
3.4220E+02 4.8170E+02 6.6600E+02 7.6930E+02 7.0030E+02 5.3440E+02 5.2040E+02 4.4990E+02 4.0650E+02 4.4800E+02 4.2810E+02 3.5270E+02 3.2940E+02 2.6390E+02 2.0060E+02 1.6720E+02 1.4800E+02 1.3810E+02 1.3390E+02 1.3210E+02 1.3970E+02 1.6830E+02 2.6010E+02 3.7760E+02 3.9040E+02 4.7700E+02 3.8390E+02 2.0950E+02 1.7240E+02 1.6120E+02 1.3690E+02 1.2280E+02 1.3850E+02 1.7330E+02 1.7030E+02 1.3650E+02 1.3720E+02 1.5860E+02 1.7840E+02 1.6500E+02 1.7880E+02 1.6130E+02 1.7210E+02 1.3710E+02 2.1440E+02 2.7130E+02 2.5610E+02 1.6390E+02 1.7070E+02 1.4570E+02 1.2990E+02 1.4340E+02 1.4550E+02 1.0960E+02 8.3500E+01 8.7500E+01 8.0600E+01
4.0470E+02 5.5610E+02 6.1440E+02 7.6960E+02 6.6730E+02 5.2070E+02 4.2510E+02 3.8250E+02 3.3620E+02 3.4190E+02 3.0880E+02 3.2060E+02 3.5820E+02 2.7870E+02 2.1880E+02 1.4950E+02 1.3500E+02 1.2870E+02 1.2810E+02 1.2920E+02 1.3630E+02 1.4630E+02 1.8090E+02 2.1830E+02 3.1830E+02 4.2150E+02 3.6070E+02 2.2150E+02 1.6770E+02 1.3450E+02 1.2300E+02 1.2200E+02 1.3380E+02 1.6040E+02 1.6310E+02 1.2440E+02 1.3830E+02 1.6140E+02 2.0820E+02 1.7390E+02 1.4590E+02 1.6560E+02 1.5860E+02 1.5020E+02 2.0420E+02 2.1400E+02 1.8060E+02 1.3140E+02 1.3530E+02 1.2600E+02 1.1270E+02 1.4420E+02 1.3290E+02 9.9400E+01 8.7600E+01 8.9100E+01 8.1400E+01
3.9920E+02 5.3080E+02 6.2860E+02 7.6000E+02 6.7290E+02 5.0260E+02 4.4250E+02 4.0580E+02 4.0150E+02 3.1270E+02 2.7910E+02 2.6690E+02 2.6260E+02 2.1480E+02 1.8480E+02 1.4760E+02 1.3170E+02 1.2800E+02 1.2800E+02 1.2800E+02 1.2980E+02 1.3830E+02 1.4750E+02 1.5400E+02 1.9110E+02 2.5310E+02 2.4090E+02 1.5600E+02 1.2620E+02 1.2150E+02 1.2200E+02 1.2200E+02 1.2360E+02 1.4700E+02 1.2970E+02 1.3030E+02 1.7200E+02 1.8010E+02 2.0890E+02 1.7300E+02 1.4500E+02 1.6690E+02 1.6090E+02 1.6570E+02 2.0400E+02 1.9680E+02 1.5310E+02 1.1960E+02 1.0840E+02 9.8700E+01 9.8300E+01 1.2680E+02 1.1520E+02 1.0380E+02 9.4000E+01 8.5500E+01 8.2400E+01
3.4200E+02 5.1510E+02 6.7950E+02 6.3390E+02 5.5160E+02 5.4940E+02 5.7410E+02 5.3190E+02 4.8400E+02 3.8490E+02 3.2590E+02 2.2700E+02 2.1090E+02 1.9680E+02 1.7150E+02 1.3740E+02 1.2810E+02 1.2800E+02 1.2800E+02 1.2760E+02 1.2430E+02 1.2750E+02 1.3250E+02 1.3790E+02 1.4040E+02 1.5400E+02 1.3090E+02 1.1980E+02 1.1810E+02 1.2170E+02 1.2700E+02 1.3570E+02 1.2240E+02 1.2260E+02 1.2320E+02 1.3560E+02 1.5200E+02 1.4560E+02 1.8240E+02 1.8560E+02 1.3260E+02 1.6980E+02 1.7350E+02 1.2650E+02 1.6110E+02 1.5970E+02 1.1170E+02 9.5600E+01 9.8500E+01 9.7200E+01 9.2000E+01 9.2200E+01 9.1500E+01 9.1300E+01 8.7500E+01 8.9100E+01 9.2200E+01
2.9040E+02 4.5800E+02 5.8840E+02 5.2030E+02 4.4930E+02 4.6000E+02 5.6200E+02 6.2980E+02 4.6650E+02 3.1470E+02 2.8900E+02 3.5990E+02 3.2990E+02 2.3030E+02 1.4750E+02 1.3300E+02 1.2800E+02 1.2800E+02 1.2890E+02 1.2800E+02 1.2390E+02 1.2300E+02 1.2320E+02 1.2320E+02 1.2170E+02 1.2240E+02 1.2130E+02 1.2190E+02 1.4300E+02 1.4170E+02 1.4730E+02 1.3840E+02 1.4340E+02 1.4840E+02 1.4450E+02 1.3790E+02 1.2510E+02 1.2790E+02 1.4680E+02 1.2590E+02 1.0960E+02 1.2140E+02 1.1140E+02 1.0180E+02 1.1200E+02 1.1140E+02 9.3600E+01 1.1160E+02 1.1930E+02 1.1500E+02 1.0540E+02 9.4600E+01 9.0900E+01 9.1300E+01 9.3500E+01 9.8800E+01 1.1150E+02
2.2950E+02 2.8780E+02 4.3670E+02 4.7570E+02 3.2690E+02 4.1250E+02 5.4950E+02 6.2760E+02 5.3920E+02 3.1950E+02 2.4340E+02 4.1080E+02 3.3620E+02 1.7810E+02 1.4080E+02 1.3110E+02 1.2800E+02 1.2890E+02 1.4240E+02 1.3730E+02 1.2450E+02 1.2520E+02 1.3040E+02 1.3720E+02 1.3520E+02 1.4460E+02 1.2720E+02 1.4470E+02 2.0950E+02 1.7400E+02 1.8170E+02 1.9460E+02 1.5710E+02 1.4690E+02 1.7530E+02 1.6870E+02 1.5650E+02 1.1930E+02 1.1580E+02 1.2240E+02 1.1530E+02 1.0610E+02 1.0120E+02 9.8700E+01 9.9400E+01 9.9300E+01 9.3200E+01 1.4480E+02 1.5980E+02 1.4960E+02 1.3820E+02 1.1550E+02 1.0330E+02 1.1470E+02 1.0520E+02 9.3100E+01 1.1790E+02
2.1110E+02 2.1550E+02 2.8520E+02 4.0420E+02 3.1660E+02 3.1880E+02 4.2710E+02 4.7000E+02 4.5550E+02 2.8060E+02 2.0040E+02 2.8410E+02 1.8700E+02 1.4290E+02 1.3540E+02 1.3140E+02 1.3100E+02 1.4440E+02 1.5150E+02 1.4490E+02 1.2810E+02 1.3870E+02 1.4690E+02 1.5260E+02 1.6170E+02 1.8840E+02 1.5290E+02 1.9640E+02 2.9750E+02 3.0720E+02 2.5230E+02 1.8430E+02 1.5010E+02 1.8320E+02 2.1800E+02 2.4820E+02 1.5880E+02 1.4690E+02 1.3290E+02 1.6220E+02 1.3150E+02 1.4140E+02 1.2750E+02 1.2550E+02 1.4950E+02 1.4090E+02 9.8600E+01 1.2480E+02 1.5220E+02 1.5870E+02 1.8910E+02 1.6130E+02 1.2080E+02 1.1990E+02 1.0410E+02 9.2700E+01 1.0680E+02
1.9670E+02 1.9920E+02 1.9070E+02 2.1080E+02 2.0650E+02 2.1760E+02 2.2870E+02 2.6330E+02 2.0170E+02 1.6090E+02 1.5630E+02 1.5270E+02 1.4420E+02 1.3730E+02 1.3550E+02 1.4050E+02 1.5800E+02 1.7290E+02 1.6180E+02 1.6300E+02 1.2920E+02 1.4870E+02 1.5130E+02 1.7490E+02 2.6000E+02 2.4120E+02 1.9280E+02 2.5290E+02 2.6670E+02 3.4010E+02 2.3240E+02 1.6660E+02 1.6340E+02 1.8760E+02 1.6060E+02 1.4660E+02 1.3750E+02 1.7450E+02 1.2560E+02 1.5300E+02 1.3450E+02 1.5910E+02 1.7640E+02 1.9220E+02 2.0270E+02 1.1820E+02 9.8300E+01 1.3450E+02 1.9840E+02 1.9980E+02 2.1470E+02 2.2370E+02 1.6590E+02 1.2700E+02 1.1780E+02 1.1170E+02 1.2100E+02
1.8200E+02 1.8000E+02 1.7630E+02 1.8030E+02 1.9560E+02 1.7410E+02 1.6550E+02 1.5300E+02 1.4770E+02 1.4500E+02 1.4390E+02 1.4200E+02 1.3970E+02 1.3890E+02 1.3920E+02 1.4640E+02 1.8460E+02 1.7280E+02 1.9220E+02 2.1330E+02 1.7080E+02 1.4510E+02 1.6390E+02 2.0010E+02 2.8790E+02 3.0070E+02 2.1290E+02 2.7910E+02 3.1640E+02 3.8100E+02 2.6000E+02 1.5330E+02 1.8860E+02 2.4930E+02 1.6420E+02 1.3260E+02 1.7120E+02 1.5420E+02 1.5820E+02 1.8320E+02 1.8240E+02 2.6760E+02 2.9260E+02 2.7300E+02 2.1910E+02 1.0630E+02 1.2080E+02 1.7410E+02 2.6490E+02 2.6300E+02 3.0450E+02 2.8400E+02 1.9380E+02 1.4900E+02 1.3800E+02 1.1930E+02 1.2080E+02
1.8540E+02 1.8370E+02 1.8940E+02 1.9510E+02 2.3640E+02 2.3810E+02 1.7550E+02 1.4980E+02 1.4820E+02 1.4780E+02 1.4710E+02 1.4910E+02 1.4370E+02 1.4310E+02 1.4300E+02 1.4860E+02 2.0530E+02 1.6870E+02 2.1740E+02 2.3140E+02 2.3140E+02 1.4510E+02 1.9340E+02 2.3710E+02 3.2130E+02 3.4100E+02 2.6240E+02 2.4350E+02 3.1800E+02 2.7800E+02 1.6840E+02 1.6270E+02 1.7950E+02 2.5350E+02 2.0670E+02 1.8360E+02 1.9180E+02 1.3600E+02 1.6920E+02 2.2110E+02 2.6700E+02 3.3290E+02 2.9810E+02 2.4490E+02 1.7240E+02 1.2050E+02 1.4850E+02 1.5320E+02 2.0370E+02 2.2840E+02 2.4560E+02 2.7090E+02 2.5960E+02 1.9040E+02 1.7130E+02 1.2580E+02 1.3360E+02
2.0100E+02 2.1720E+02 2.4090E+02 2.1600E+02 2.1200E+02 1.7130E+02 1.5690E+02 1.5190E+02 1.5400E+02 1.5840E+02 1.5650E+02 1.6030E+02 1.4870E+02 1.4740E+02 1.4650E+02 1.4640E+02 1.6850E+02 1.5960E+02 2.9930E+02 3.1680E+02 2.6770E+02 1.4670E+02 1.8730E+02 2.0030E+02 2.3470E+02 3.3000E+02 3.4910E+02 2.8820E+02 3.3810E+02 2.8380E+02 1.9790E+02 2.1190E+02 1.8210E+02 2.4550E+02 2.6750E+02 2.3710E+02 1.9130E+02 1.6840E+02 1.7110E+02 2.9380E+02 3.9900E+02 3.6400E+02 3.3550E+02 2.3130E+02 1.4960E+02 1.2350E+02 1.7350E+02 2.1160E+02 1.9380E+02 2.1280E+02 1.9870E+02 2.7850E+02 3.3560E+02 2.9540E+02 1.9990E+02 1.5610E+02 1.6140E+02
2.2910E+02 2.6520E+02 2.3890E+02 1.9330E+02 1.9040E+02 2.1960E+02 1.9880E+02 1.6140E+02 1.6660E+02 2.0500E+02 1.9830E+02 1.9870E+02 1.6190E+02 1.5160E+02 1.4870E+02 1.4650E+02 1.5150E+02 1.7190E+02 2.7690E+02 3.2280E+02 2.9490E+02 2.0230E+02 1.6900E+02 2.4420E+02 2.1950E+02 2.9180E+02 3.4530E+02 4.1300E+02 4.7550E+02 3.2740E+02 2.7400E+02 2.7630E+02 2.4170E+02 2.9220E+02 2.8660E+02 2.4830E+02 2.2450E+02 2.3120E+02 1.5680E+02 2.6740E+02 3.2480E+02 3.1220E+02 2.7840E+02 2.1150E+02 1.3560E+02 1.3960E+02 1.5730E+02 2.1530E+02 2.0960E+02 2.2380E+02 2.1130E+02 2.4610E+02 3.1940E+02 3.7100E+02 2.5880E+02 1.8440E+02 1.8270E+02
2.7720E+02 2.7110E+02 2.2840E+02 2.1700E+02 2.6900E+02 3.0010E+02 2.1510E+02 1.7870E+02 1.8810E+02 2.3660E+02 2.8100E+02 1.9120E+02 1.5370E+02 1.6570E+02 1.5750E+02 1.4600E+02 1.5090E+02 1.7250E+02 2.1990E+02 2.9310E+02 2.5770E+02 1.9890E+02 1.5260E+02 2.5460E+02 2.5870E+02 2.6190E+02 3.8440E+02 4.4740E+02 4.5110E+02 4.0130E+02 2.8960E+02 2.8930E+02 2.5800E+02 2.5430E+02 2.5450E+02 1.9100E+02 1.8720E+02 1.6350E+02 1.3980E+02 1.8140E+02 2.5340E+02 3.1580E+02 2.5770E+02 2.5560E+02 1.7800E+02 1.3770E+02 1.3760E+02 1.5420E+02 1.9950E+02 1.5840E+02 1.7900E+02 2.4650E+02 2.7340E+02 2.8950E+02 2.2600E+02 1.6340E+02 1.4450E+02
3.1460E+02 2.9320E+02 2.5620E+02 2.9160E+02 3.0440E+02 3.0390E+02 2.1270E+02 2.0920E+02 2.2690E+02 2.3220E+02 2.1990E+02 1.6620E+02 1.6120E+02 1.9760E+02 1.7710E+02 1.4700E+02 1.6920E+02 1.8400E+02 2.0620E+02 2.6550E+02 2.8680E+02 2.2020E+02 1.6070E+02 2.3120E+02 2.8960E+02 3.4140E+02 4.3780E+02 4.1910E+02 3.8540E+02 3.8350E+02 3.2840E+02 2.6550E+02 2.6950E+02 2.6150E+02 2.5920E+02 1.9450E+02 1.7720E+02 1.5640E+02 1.3190E+02 1.4710E+02 2.5560E+02 2.2780E+02 2.1490E+02 1.8270E+02 1.2500E+02 1.2510E+02 1.5600E+02 1.5990E+02 1.5000E+02 1.5040E+02 1.7370E+02 2.0690E+02 1.9900E+02 1.9220E+02 1.6130E+02 1.4110E+02 1.3790E+02
2.7640E+02 2.7260E+02 2.9240E+02 3.0740E+02 3.0640E+02 2.4510E+02 2.3600E+02 2.8160E+02 2.7950E+02 2.2900E+02 1.8060E+02 1.9620E+02 1.8980E+02 1.8400E+02 1.6910E+02 1.4890E+02 1.6150E+02 1.8040E+02 2.1580E+02 2.6300E+02 3.3220E+02 3.2140E+02 2.4890E+02 1.7850E+02 2.9100E+02 3.8780E+02 4.1020E+02 4.5680E+02 3.9860E+02 3.1540E+02 3.1800E+02 2.3180E+02 2.4070E+02 2.4250E+02 2.8270E+02 3.1030E+02 3.1770E+02 1.9850E+02 1.4680E+02 1.3180E+02 1.5270E+02 1.5190E+02 1.4020E+02 1.2460E+02 1.3170E+02 1.6160E+02 1.9530E+02 2.1300E+02 1.4580E+02 1.7220E+02 1.8750E+02 1.7650E+02 1.5230E+02 1.5200E+02 1.4590E+02 1.3770E+02 1.5010E+02
3.2090E+02 3.1660E+02 3.0180E+02 3.1790E+02 2.7700E+02 2.4180E+02 2.8120E+02 2.9090E+02 2.4640E+02 2.1190E+02 1.7600E+02 2.2710E+02 2.2990E+02 1.8070E+02 1.8640E+02 1.5600E+02 1.6170E+02 1.7440E+02 2.3290E+02 3.2730E+02 3.6110E+02 4.0030E+02 2.9790E+02 1.7880E+02 2.1970E+02 3.0600E+02 2.7840E+02 3.3630E+02 3.5500E+02 3.1690E+02 2.5660E+02 2.1520E+02 2.2160E+02 2.3640E+02 2.9200E+02 3.7750E+02 3.8520E+02 2.2190E+02 1.5180E+02 1.3710E+02 1.3570E+02 1.2680E+02 1.2300E+02 1.5610E+02 1.6870E+02 1.6430E+02 2.5070E+02 2.2750E+02 1.5430E+02 2.1350E+02 2.1150E+02 1.8560E+02 1.6310E+02 1.5400E+02 1.4360E+02 1.5130E+02 2.4320E+02
3.7580E+02 3.3480E+02 3.2770E+02 2.9280E+02 2.6010E+02 2.5010E+02 2.5950E+02 2.7770E+02 2.4780E+02 1.8740E+02 1.7780E+02 2.5500E+02 2.1890E+02 1.8120E+02 2.0320E+02 1.7810E+02 1.8140E+02 2.2290E+02 2.7840E+02 2.9840E+02 3.2530E+02 3.4820E+02 2.1350E+02 1.5580E+02 2.0760E+02 2.6920E+02 2.2920E+02 2.5290E+02 2.6260E+02 2.5830E+02 2.2950E+02 1.8360E+02 1.9960E+02 2.3640E+02 2.4070E+02 3.0610E+02 3.8320E+02 2.6230E+02 1.5320E+02 1.3780E+02 1.2570E+02 1.2430E+02 1.2240E+02 1.4150E+02 1.2530E+02 1.4740E+02 2.3500E+02 2.3950E+02 1.8290E+02 1.6560E+02 1.8050E+02 1.8220E+02 1.7720E+02 1.5190E+02 1.4640E+02 1.6140E+02 2.4370E+02
3.6130E+02 3.4660E+02 3.8110E+02 3.4590E+02 3.3130E+02 2.7980E+02 2.7130E+02 2.8930E+02 2.7970E+02 1.9650E+02 2.0030E+02 2.2320E+02 1.9350E+02 1.9840E+02 2.3020E+02 2.0310E+02 1.6670E+02 2.3050E+02 3.1680E+02 3.2590E+02 3.1130E+02 3.4490E+02 1.9850E+02 1.5770E+02 1.7610E+02 2.1990E+02 2.1990E+02 2.3630E+02 2.3780E+02 2.2080E+02 2.0710E+02 1.7510E+02 1.9240E+02 2.3660E+02 2.2150E+02 2.4270E+02 3.1650E+02 3.0760E+02 1.5790E+02 1.5020E+02 1.2380E+02 1.3090E+02 1.2230E+02 1.2200E+02 1.2630E+02 1.5520E+02 1.7330E+02 1.7350E+02 1.5660E+02 1.5690E+02 1.7970E+02 1.8270E+02 1.6600E+02 1.5040E+02 1.6300E+02 1.7580E+02 1.9760E+02
4.1340E+02 4.1700E+02 5.1550E+02 4.7410E+02 3.9750E+02 3.0380E+02 3.5360E+02 3.7940E+02 2.9620E+02 2.1450E+02 2.0330E+02 2.0330E+02 2.0800E+02 2.2670E+02 2.5230E+02 2.1030E+02 1.5290E+02 1.9330E+02 2.5090E+02 3.2770E+02 3.2260E+02 3.3580E+02 2.0780E+02 1.8090E+02 2.1350E+02 2.2520E+02 2.7520E+02 2.8880E+02 3.0200E+02 2.4840E+02 2.4110E+02 1.9650E+02 1.6550E+02 1.7560E+02 1.8090E+02 1.8530E+02 2.3730E+02 1.7720E+02 1.2430E+02 1.4270E+02 1.2400E+02 1.2380E+02 1.2200E+02 1.2200E+02 1.2310E+02 1.5730E+02 1.9940E+02 1.9820E+02 1.7340E+02 1.6700E+02 1.8050E+02 1.8690E+02 1.9370E+02 1.7360E+02 1.6270E+02 1.6210E+02 1.7560E+02
5.5580E+02 5.5180E+02 5.8240E+02 5.1220E+02 4.0510E+02 3.7750E+02 4.5270E+02 5.0730E+02 4.2160E+02 3.4410E+02 2.5100E+02 2.1650E+02 2.7750E+02 2.8130E+02 2.9610E+02 2.4160E+02 1.5460E+02 1.6510E+02 2.1960E+02 2.4120E+02 2.3400E+02 2.6660E+02 2.0710E+02 1.6240E+02 1.4970E+02 1.6670E+02 2.0130E+02 2.6500E+02 2.8420E+02 3.3160E+02 3.2110E+02 1.9760E+02 1.6170E+02 1.5070E+02 1.4790E+02 1.4280E+02 1.3680E+02 1.2890E+02 1.2280E+02 1.4130E+02 1.3560E+02 1.2300E+02 1.3240E+02 1.2340E+02 1.2200E+02 1.5180E+02 2.3630E+02 2.7800E+02 1.9370E+02 1.6200E+02 1.6780E+02 2.3570E+02 2.4510E+02 1.6390E+02 1.4640E+02 1.5420E+02 1.9030E+02
7.4680E+02 6.7390E+02 6.1510E+02 6.7930E+02 4.7250E+02 4.8200E+02 5.2260E+02 6.0780E+02 6.3630E+02 4.6870E+02 2.9390E+02 2.3430E+02 2.5900E+02 2.7050E+02 2.7710E+02 2.4290E+02 1.7540E+02 1.8240E+02 2.4570E+02 2.0910E+02 2.0030E+02 2.0820E+02 1.9980E+02 1.6570E+02 1.4690E+02 1.5770E+02 1.8410E+02 2.2530E+02 3.4740E+02 3.6490E+02 2.4770E+02 1.8250E+02 1.7540E+02 1.7660E+02 1.8900E+02 2.0310E+02 1.7420E+02 1.2610E+02 1.2110E+02 1.2620E+02 1.2830E+02 1.2420E+02 1.5320E+02 1.6010E+02 1.2320E+02 1.5200E+02 2.1470E+02 2.0360E+02 1.7390E+02 1.7310E+02 1.6500E+02 2.0150E+02 2.0320E+02 1.6610E+02 1.5870E+02 1.8620E+02 1.8260E+02
7.3850E+02 6.4720E+02 7.9350E+02 8.2280E+02 5.3870E+02 5.7100E+02 6.7260E+02 7.8540E+02 6.2660E+02 4.1850E+02 3.4710E+02 2.7080E+02 2.3820E+02 2.5720E+02 2.9700E+02 2.5480E+02 1.7930E+02 1.8850E+02 2.8050E+02 2.4090E+02 1.8790E+02 1.7800E+02 1.8200E+02 1.6430E+02 1.4640E+02 1.5040E+02 1.5630E+02 2.1090E+02 2.8060E+02 2.8080E+02 1.8920E+02 1.5420E+02 1.7270E+02 1.7480E+02 2.1520E+02 2.5940E+02 2.5120E+02 1.4230E+02 1.1810E+02 1.1980E+02 1.2670E+02 1.2220E+02 1.3080E+02 1.4990E+02 1.2730E+02 1.6910E+02 1.8030E+02 1.7070E+02 1.7960E+02 1.9680E+02 1.8400E+02 1.9340E+02 2.2860E+02 1.9590E+02 1.7170E+02 1.9300E+02 1.7610E+02
6.6300E+02 5.5070E+02 7.3930E+02 7.8730E+02 6.2160E+02 6.1900E+02 7.7900E+02 9.1500E+02 6.8410E+02 5.5970E+02 4.4540E+02 3.3030E+02 2.4820E+02 2.2160E+02 2.2290E+02 2.1200E+02 1.8810E+02 1.5600E+02 2.0110E+02 2.0360E+02 1.6380E+02 1.6620E+02 1.8110E+02 1.6330E+02 1.4610E+02 1.4670E+02 1.5840E+02 1.9150E+02 2.0870E+02 1.8610E+02 1.5870E+02 1.5230E+02 1.4980E+02 1.3470E+02 1.3700E+02 1.5820E+02 1.4650E+02 1.1760E+02 1.1710E+02 1.2240E+02 1.2470E+02 1.5110E+02 1.5780E+02 1.6160E+02 1.3080E+02 1.7820E+02 1.8860E+02 1.8830E+02 1.7700E+02 1.8300E+02 1.8410E+02 2.1990E+02 2.5890E+02 2.1850E+02 1.4870E+02 1.4960E+02 1.4680E+02
