sources/MAKEGEO/QATERR.GRD
DSAA
          99          99
    310.5000    408.5000
   4820.5000   4918.5000
  0.0000E+00  0.1758E+04
[rows 50 to 74 of 99, columns 0 to 56 of 99]
5.5480E+02 4.9940E+02 5.6180E+02 6.2510E+02 7.3160E+02 6.5520E+02 7.5920E+02 8.5850E+02 8.0700E+02 5.7020E+02 4.4430E+02 4.5080E+02 3.8570E+02 2.8650E+02 2.5210E+02 2.4680E+02 2.3660E+02 1.6930E+02 1.4780E+02 1.5010E+02 1.5000E+02 1.6510E+02 1.7720E+02 1.5590E+02 1.4600E+02 1.4730E+02 1.5970E+02 1.9610E+02 1.8220E+02 1.6630E+02 1.5700E+02 1.5480E+02 1.6010E+02 1.3910E+02 1.2270E+02 1.2350E+02 1.1560E+02 1.1630E+02 1.1960E+02 1.2650E+02 1.2850E+02 1.3280E+02 1.7610E+02 2.0190E+02 1.5740E+02 1.5660E+02 2.0220E+02 2.1090E+02 2.1400E+02 2.0490E+02 1.8220E+02 2.6210E+02 2.5700E+02 1.7740E+02 1.4960E+02 1.3840E+02 1.4410E+02
5.9660E+02 4.6280E+02 4.5360E+02 4.9580E+02 6.0180E+02 5.7540E+02 6.1780E+02 6.5920E+02 6.8720E+02 6.0290E+02 4.5400E+02 4.7330E+02 4.4040E+02 3.3630E+02 3.0090E+02 3.1010E+02 2.6370E+02 2.1210E+02 1.5230E+02 1.4270E+02 1.4100E+02 1.5990E+02 1.6730E+02 1.5050E+02 1.4650E+02 1.4640E+02 1.5680E+02 1.7640E+02 1.5660E+02 1.6240E+02 1.8170E+02 1.8040E+02 1.5350E+02 1.3350E+02 1.2200E+02 1.1550E+02 1.1380E+02 1.2000E+02 1.2090E+02 1.2930E+02 1.3180E+02 1.4030E+02 1.7350E+02 2.1950E+02 1.6110E+02 1.3660E+02 1.7590E+02 2.1250E+02 2.5570E+02 1.9160E+02 1.6820E+02 2.3620E+02 2.3500E+02 1.8590E+02 1.5310E+02 1.5340E+02 1.4990E+02
4.7800E+02 4.1270E+02 4.1070E+02 4.2890E+02 4.3950E+02 4.6160E+02 4.9300E+02 5.5440E+02 5.5130E+02 6.4620E+02 5.0460E+02 3.4230E+02 3.2170E+02 2.7020E+02 2.7440E+02 2.6100E+02 2.1560E+02 1.7740E+02 1.5250E+02 1.4430E+02 1.4210E+02 1.5020E+02 1.4900E+02 1.5080E+02 1.4800E+02 1.3850E+02 1.4440E+02 1.5330E+02 1.5020E+02 1.6650E+02 1.8080E+02 1.7570E+02 1.4970E+02 1.3440E+02 1.2170E+02 1.1100E+02 1.1270E+02 1.2280E+02 1.2210E+02 1.2530E+02 1.2210E+02 1.2290E+02 1.4510E+02 1.4000E+02 1.7790E+02 1.4310E+02 1.7640E+02 2.0920E+02 1.9270E+02 1.6080E+02 1.5310E+02 1.9240E+02 2.0910E+02 1.8170E+02 1.6840E+02 1.6630E+02 1.1860E+02
3.9740E+02 3.9220E+02 3.9400E+02 3.9070E+02 3.8030E+02 3.7700E+02 3.7760E+02 3.8650E+02 4.9520E+02 5.0000E+02 4.1720E+02 2.9230E+02 2.5760E+02 2.9120E+02 2.4570E+02 1.9290E+02 1.7700E+02 1.6980E+02 1.6260E+02 1.4600E+02 1.4830E+02 1.6290E+02 1.3980E+02 1.4060E+02 1.3520E+02 1.2970E+02 1.3350E+02 1.3650E+02 1.3720E+02 1.3980E+02 1.8760E+02 1.8780E+02 1.4920E+02 1.4420E+02 1.2070E+02 1.0840E+02 1.1420E+02 1.1400E+02 1.1340E+02 1.1400E+02 1.2370E+02 1.2800E+02 1.4210E+02 1.3710E+02 1.4080E+02 1.3090E+02 1.5590E+02 2.0300E+02 1.7390E+02 1.4630E+02 1.4590E+02 1.6260E+02 2.0290E+02 2.1980E+02 2.0220E+02 1.4690E+02 1.2280E+02
3.8500E+02 3.8320E+02 3.8220E+02 3.9080E+02 4.4090E+02 4.4900E+02 3.9300E+02 3.6520E+02 4.1060E+02 3.4260E+02 2.9020E+02 2.8300E+02 3.8420E+02 4.9720E+02 3.8140E+02 2.3910E+02 1.9300E+02 1.8740E+02 1.8450E+02 1.5070E+02 1.7280E+02 1.8330E+02 1.4280E+02 1.4210E+02 1.3740E+02 1.4000E+02 1.4130E+02 1.3550E+02 1.2650E+02 1.2730E+02 1.4270E+02 1.3870E+02 1.3480E+02 1.2560E+02 1.0990E+02 1.1120E+02 1.1990E+02 1.1080E+02 1.1210E+02 1.1060E+02 1.3060E+02 1.5760E+02 2.5590E+02 2.4100E+02 1.8760E+02 1.4620E+02 1.3700E+02 1.8600E+02 1.8600E+02 1.6320E+02 1.5650E+02 1.5120E+02 1.6550E+02 1.7290E+02 1.6920E+02 1.2980E+02 1.2940E+02
3.9810E+02 3.9340E+02 4.0190E+02 4.2440E+02 5.1060E+02 6.0670E+02 4.6920E+02 3.7290E+02 3.5970E+02 3.4430E+02 3.2650E+02 4.7850E+02 4.5500E+02 6.2190E+02 5.9610E+02 3.1740E+02 2.3730E+02 2.0170E+02 1.6140E+02 1.5190E+02 1.5810E+02 1.5550E+02 1.7720E+02 1.6350E+02 1.5040E+02 1.6430E+02 1.4820E+02 1.4100E+02 1.3240E+02 1.3260E+02 1.2910E+02 1.3070E+02 1.3020E+02 1.1770E+02 1.1050E+02 1.1730E+02 1.1880E+02 1.1430E+02 1.3270E+02 1.1710E+02 1.3560E+02 1.8680E+02 3.3710E+02 4.6650E+02 3.3000E+02 1.8080E+02 1.4090E+02 1.7850E+02 1.8690E+02 2.0280E+02 1.7080E+02 1.4520E+02 1.5200E+02 1.4930E+02 1.4660E+02 1.2830E+02 1.2810E+02
4.6670E+02 4.0190E+02 4.4520E+02 4.4400E+02 5.2920E+02 7.1850E+02 6.4950E+02 5.4340E+02 4.5480E+02 3.9800E+02 3.7430E+02 5.2670E+02 5.7770E+02 7.3270E+02 6.1020E+02 3.0740E+02 2.3160E+02 1.6170E+02 1.5380E+02 1.5200E+02 1.5240E+02 2.0470E+02 3.0780E+02 2.2730E+02 1.7060E+02 1.8040E+02 1.5240E+02 1.4710E+02 1.3840E+02 1.2590E+02 1.2200E+02 1.2440E+02 1.4550E+02 1.4600E+02 1.2710E+02 1.2200E+02 1.2070E+02 1.2090E+02 1.2830E+02 1.2170E+02 1.2930E+02 1.7040E+02 3.8760E+02 5.0920E+02 4.9200E+02 2.2040E+02 1.6260E+02 2.0420E+02 2.0030E+02 2.0490E+02 1.6290E+02 1.4610E+02 1.5200E+02 1.4350E+02 1.2790E+02 1.2230E+02 1.0340E+02
4.8000E+02 4.4660E+02 5.0640E+02 5.2450E+02 6.1020E+02 8.6910E+02 6.9900E+02 6.1920E+02 6.5570E+02 5.9450E+02 5.2400E+02 5.4550E+02 6.9650E+02 7.3280E+02 5.2440E+02 3.0680E+02 1.7800E+02 1.6320E+02 1.6590E+02 1.5200E+02 1.6780E+02 2.3080E+02 4.1920E+02 3.0320E+02 2.4530E+02 2.7240E+02 2.1930E+02 1.6110E+02 1.4640E+02 1.3020E+02 1.2200E+02 1.2250E+02 1.3860E+02 1.5840E+02 1.3690E+02 1.2630E+02 1.3760E+02 1.2160E+02 1.2540E+02 1.3780E+02 1.2690E+02 1.5470E+02 2.8010E+02 3.6450E+02 4.7090E+02 1.9100E+02 1.6400E+02 2.2400E+02 2.1840E+02 1.7990E+02 1.4370E+02 1.4870E+02 1.5200E+02 1.5110E+02 1.4770E+02 1.1320E+02 8.5500E+01
5.8430E+02 5.9450E+02 6.2480E+02 5.5840E+02 6.4290E+02 7.1520E+02 5.7710E+02 4.9230E+02 6.0880E+02 6.9950E+02 6.9020E+02 6.7800E+02 8.3640E+02 6.5210E+02 4.3160E+02 2.5170E+02 1.6660E+02 1.6620E+02 1.5330E+02 1.5220E+02 1.6930E+02 2.4020E+02 4.4210E+02 4.6210E+02 4.8450E+02 4.3890E+02 2.7690E+02 2.1380E+02 1.5590E+02 1.3090E+02 1.3020E+02 1.2220E+02 1.2310E+02 1.3720E+02 1.5560E+02 1.4060E+02 2.1150E+02 1.2690E+02 1.2870E+02 1.5050E+02 1.2850E+02 1.4510E+02 2.4010E+02 4.3950E+02 4.0040E+02 1.6130E+02 1.5410E+02 2.1790E+02 1.9060E+02 1.5960E+02 1.4810E+02 1.5180E+02 1.5160E+02 1.3850E+02 1.2530E+02 8.5500E+01 8.3000E+01
7.0120E+02 7.5640E+02 6.4650E+02 6.5170E+02 5.8220E+02 4.9290E+02 4.2790E+02 3.8910E+02 4.7970E+02 6.7360E+02 8.0170E+02 7.6460E+02 7.6800E+02 5.6600E+02 3.2400E+02 2.8850E+02 1.9620E+02 1.5220E+02 1.5200E+02 1.5390E+02 1.6320E+02 2.4210E+02 3.8330E+02 5.0740E+02 6.2960E+02 5.0610E+02 3.2990E+02 2.5730E+02 1.4830E+02 1.3930E+02 1.5040E+02 1.2230E+02 1.2340E+02 1.4490E+02 1.2890E+02 1.3970E+02 1.5900E+02 1.2320E+02 1.2990E+02 1.4300E+02 1.3230E+02 1.5810E+02 2.3290E+02 2.4450E+02 2.2950E+02 1.3320E+02 1.4800E+02 1.8380E+02 1.7270E+02 1.5970E+02 1.5110E+02 1.4430E+02 1.3750E+02 1.3330E+02 1.1080E+02 8.2500E+01 8.9400E+01
7.9710E+02 8.1630E+02 6.3830E+02 7.3640E+02 6.2680E+02 4.0390E+02 3.0710E+02 3.1380E+02 3.8720E+02 6.0580E+02 6.5060E+02 6.5020E+02 5.4100E+02 4.9030E+02 2.8730E+02 3.0440E+02 2.2430E+02 1.5290E+02 1.5370E+02 1.7180E+02 1.8130E+02 2.7360E+02 4.5800E+02 5.3920E+02 5.7330E+02 4.3880E+02 3.4730E+02 2.2160E+02 1.5160E+02 1.6040E+02 1.5380E+02 1.2290E+02 1.2460E+02 1.3070E+02 1.2230E+02 1.2200E+02 1.2110E+02 1.2030E+02 1.2290E+02 1.2280E+02 1.5550E+02 1.2870E+02 1.5500E+02 1.5620E+02 1.4490E+02 1.2890E+02 1.4060E+02 1.5180E+02 1.5820E+02 1.7470E+02 1.4850E+02 1.2900E+02 1.4060E+02 1.4840E+02 1.1430E+02 8.2900E+01 8.5000E+01
7.9140E+02 6.9030E+02 5.0730E+02 5.3280E+02 5.4140E+02 3.1000E+02 2.6880E+02 2.6380E+02 3.0250E+02 4.7830E+02 5.1530E+02 5.5970E+02 6.0750E+02 4.2780E+02 2.8420E+02 2.4580E+02 2.0260E+02 1.5250E+02 1.6710E+02 1.8280E+02 2.0060E+02 2.5160E+02 3.6350E+02 4.9870E+02 4.8900E+02 3.6960E+02 2.9660E+02 1.9250E+02 1.4980E+02 1.7100E+02 1.7770E+02 1.4600E+02 1.2200E+02 1.2550E+02 1.2430E+02 1.2180E+02 1.1800E+02 1.1690E+02 1.1490E+02 1.1630E+02 1.3280E+02 1.3210E+02 1.9420E+02 1.8290E+02 1.4480E+02 1.4220E+02 1.6170E+02 1.5990E+02 1.7620E+02 1.7210E+02 1.3580E+02 1.3770E+02 1.5120E+02 1.3910E+02 1.0520E+02 8.2800E+01 9.7500E+01
5.7990E+02 5.7100E+02 3.8850E+02 3.4770E+02 3.4960E+02 2.3750E+02 2.2420E+02 2.2040E+02 2.2360E+02 2.8320E+02 3.0590E+02 3.9530E+02 4.8190E+02 4.8410E+02 4.3120E+02 2.7130E+02 1.7740E+02 1.5200E+02 1.6210E+02 2.0320E+02 2.1890E+02 2.3240E+02 3.5100E+02 4.9320E+02 4.5330E+02 3.3780E+02 2.2330E+02 1.5800E+02 1.3970E+02 1.5930E+02 1.9490E+02 1.9250E+02 1.2330E+02 1.2510E+02 1.2520E+02 1.2180E+02 1.1660E+02 1.1390E+02 1.1240E+02 1.1220E+02 1.1560E+02 1.6430E+02 2.2620E+02 2.0810E+02 1.3650E+02 1.7210E+02 2.0120E+02 1.8440E+02 1.7540E+02 1.4310E+02 1.2880E+02 1.4830E+02 1.4570E+02 1.1850E+02 8.6600E+01 9.0400E+01 1.2840E+02
3.9700E+02 3.2940E+02 2.7530E+02 2.7200E+02 2.5630E+02 2.2570E+02 2.1320E+02 2.1310E+02 2.1300E+02 2.1510E+02 2.0970E+02 2.1010E+02 2.4040E+02 2.6310E+02 3.5790E+02 3.8640E+02 2.1400E+02 1.5300E+02 1.7530E+02 2.5560E+02 3.5650E+02 3.6850E+02 3.8840E+02 4.2470E+02 4.2600E+02 2.7550E+02 2.0050E+02 1.5790E+02 1.4450E+02 1.3870E+02 1.3230E+02 1.5090E+02 1.2230E+02 1.3290E+02 1.4280E+02 1.2560E+02 1.1660E+02 1.1210E+02 1.1200E+02 1.1530E+02 1.1760E+02 1.3720E+02 1.7750E+02 1.7620E+02 1.4530E+02 1.8440E+02 2.1480E+02 2.0880E+02 1.5460E+02 1.3000E+02 1.3140E+02 1.5960E+02 1.4710E+02 1.1370E+02 8.3500E+01 9.4400E+01 1.5610E+02
5.4390E+02 2.9360E+02 3.6230E+02 5.2400E+02 3.9450E+02 2.5820E+02 3.0560E+02 2.8520E+02 2.7710E+02 3.4760E+02 3.1320E+02 3.1790E+02 2.1210E+02 1.9190E+02 2.8570E+02 2.7000E+02 1.8370E+02 1.6750E+02 2.2020E+02 3.8300E+02 6.1320E+02 5.9030E+02 6.0830E+02 5.3100E+02 4.4290E+02 2.7310E+02 2.1760E+02 1.7960E+02 1.6260E+02 1.2460E+02 1.1580E+02 1.2170E+02 1.2200E+02 1.2990E+02 1.5610E+02 1.3980E+02 1.2120E+02 1.1460E+02 1.1690E+02 1.5430E+02 1.2890E+02 1.4130E+02 1.6830E+02 1.9800E+02 1.6830E+02 1.5580E+02 1.8630E+02 1.9560E+02 1.4360E+02 1.4440E+02 1.4290E+02 1.8510E+02 1.5550E+02 1.2080E+02 8.6900E+01 1.0000E+02 1.7460E+02
6.1410E+02 3.1650E+02 4.2890E+02 5.6590E+02 3.5130E+02 3.2500E+02 4.0030E+02 4.5730E+02 4.5640E+02 4.5590E+02 4.5440E+02 3.9490E+02 2.8380E+02 1.9310E+02 1.8450E+02 1.8940E+02 1.9010E+02 1.8230E+02 2.0920E+02 3.6990E+02 5.9700E+02 7.4920E+02 8.5940E+02 6.5620E+02 5.0090E+02 3.6130E+02 2.7210E+02 2.2710E+02 2.3700E+02 1.2910E+02 1.1760E+02 1.2110E+02 1.2090E+02 1.2150E+02 1.3960E+02 1.3070E+02 1.2200E+02 1.1910E+02 1.2390E+02 1.4350E+02 1.2850E+02 1.4900E+02 1.9280E+02 2.4010E+02 1.9690E+02 1.8750E+02 2.0350E+02 1.7220E+02 1.7390E+02 1.6820E+02 1.6480E+02 2.0140E+02 1.5590E+02 1.2460E+02 1.0200E+02 9.8900E+01 1.5530E+02
5.2300E+02 3.2700E+02 4.7000E+02 6.2380E+02 4.0500E+02 4.0120E+02 5.4180E+02 6.1650E+02 5.8370E+02 3.6480E+02 2.8460E+02 2.6090E+02 2.2280E+02 2.2400E+02 1.9470E+02 1.8430E+02 2.0800E+02 2.5380E+02 2.3980E+02 3.0090E+02 4.3370E+02 5.8860E+02 6.4000E+02 6.8220E+02 5.6310E+02 4.5830E+02 3.8360E+02 2.6360E+02 2.2120E+02 1.5610E+02 1.2090E+02 1.2110E+02 1.1890E+02 1.2090E+02 1.2190E+02 1.2170E+02 1.3020E+02 1.2290E+02 1.2080E+02 1.2220E+02 1.3350E+02 1.9570E+02 2.3100E+02 2.4750E+02 2.2110E+02 2.5700E+02 2.5680E+02 1.5350E+02 1.5870E+02 1.8660E+02 1.8920E+02 1.8730E+02 1.5690E+02 1.3220E+02 1.1980E+02 1.3550E+02 1.3040E+02
5.2450E+02 3.4480E+02 4.4280E+02 6.1060E+02 4.8150E+02 5.6120E+02 6.7580E+02 5.7770E+02 4.8770E+02 3.3340E+02 3.9320E+02 4.1590E+02 3.0420E+02 3.1930E+02 2.1310E+02 2.3990E+02 3.2940E+02 4.1760E+02 3.4760E+02 2.6970E+02 3.4090E+02 4.2730E+02 5.0400E+02 6.0820E+02 6.5690E+02 5.0640E+02 3.9080E+02 2.9320E+02 2.2180E+02 1.8180E+02 1.3880E+02 1.2200E+02 1.1730E+02 1.2020E+02 1.2140E+02 1.2210E+02 1.4730E+02 1.3250E+02 1.2810E+02 1.2280E+02 1.3710E+02 1.9000E+02 2.6430E+02 2.6330E+02 2.0930E+02 2.1420E+02 1.8900E+02 1.4180E+02 1.5860E+02 2.2510E+02 2.1620E+02 1.7910E+02 1.5660E+02 1.4700E+02 1.3890E+02 1.3350E+02 1.2100E+02
5.4810E+02 3.3930E+02 4.7920E+02 6.9320E+02 6.4620E+02 7.4990E+02 7.5390E+02 5.8460E+02 4.3420E+02 3.8040E+02 6.1810E+02 6.0030E+02 4.2560E+02 3.5950E+02 2.4090E+02 2.7400E+02 3.8330E+02 5.8930E+02 4.1880E+02 2.9400E+02 3.1800E+02 3.7790E+02 4.3410E+02 5.2710E+02 6.7360E+02 5.0590E+02 4.4130E+02 4.3710E+02 3.3260E+02 2.4750E+02 1.8700E+02 1.3000E+02 1.1640E+02 1.1920E+02 1.2160E+02 1.2160E+02 1.4750E+02 1.3570E+02 1.5730E+02 1.2300E+02 1.3100E+02 1.5910E+02 1.9090E+02 1.8890E+02 1.8810E+02 1.8580E+02 1.5890E+02 1.5430E+02 1.7400E+02 2.2820E+02 1.7680E+02 1.9020E+02 1.8750E+02 1.3020E+02 1.3840E+02 1.3720E+02 1.3870E+02
4.4150E+02 3.7450E+02 6.7700E+02 8.4530E+02 8.1830E+02 8.5080E+02 7.2210E+02 5.4800E+02 4.0220E+02 4.3050E+02 6.5810E+02 6.2440E+02 5.4610E+02 4.1040E+02 2.8120E+02 2.6370E+02 3.5090E+02 5.2680E+02 3.9910E+02 3.3570E+02 3.1870E+02 3.5850E+02 4.5770E+02 5.7020E+02 6.8440E+02 5.5170E+02 4.2680E+02 4.4440E+02 4.3610E+02 2.7060E+02 2.0660E+02 1.4200E+02 1.2130E+02 1.2130E+02 1.2180E+02 1.1850E+02 1.3260E+02 1.4910E+02 1.5640E+02 1.3580E+02 1.3900E+02 1.4890E+02 1.5240E+02 1.6850E+02 1.8160E+02 1.7660E+02 1.6580E+02 1.7040E+02 2.0870E+02 2.3010E+02 1.9170E+02 1.7940E+02 1.4200E+02 1.2560E+02 1.9700E+02 2.0400E+02 2.0090E+02
4.1670E+02 3.7200E+02 5.6050E+02 7.3150E+02 9.4770E+02 8.2440E+02 6.3420E+02 4.7160E+02 4.4740E+02 4.7950E+02 5.4960E+02 5.1790E+02 4.2740E+02 3.3780E+02 2.6260E+02 2.5360E+02 3.5510E+02 5.0180E+02 4.2800E+02 4.4200E+02 3.7800E+02 4.3890E+02 6.0340E+02 6.5540E+02 6.4420E+02 5.1410E+02 3.5060E+02 2.9550E+02 2.9440E+02 2.2230E+02 1.7340E+02 1.3180E+02 1.2200E+02 1.2200E+02 1.2190E+02 1.1660E+02 1.2090E+02 1.4230E+02 1.5200E+02 1.6550E+02 1.8870E+02 1.8480E+02 1.5420E+02 1.6500E+02 1.9090E+02 1.9880E+02 2.4740E+02 2.2730E+02 2.1490E+02 2.7920E+02 2.0300E+02 1.4210E+02 1.2160E+02 2.1090E+02 2.4100E+02 2.1560E+02 2.0400E+02
4.6970E+02 4.2660E+02 6.9940E+02 8.1870E+02 9.5110E+02 7.7260E+02 5.5780E+02 4.8330E+02 5.9100E+02 5.3610E+02 4.9230E+02 4.1020E+02 3.0640E+02 2.9010E+02 3.2020E+02 3.0480E+02 3.5880E+02 4.7170E+02 5.0530E+02 6.6940E+02 5.3260E+02 4.0970E+02 4.6660E+02 5.2910E+02 6.0610E+02 5.3670E+02 3.1730E+02 2.3340E+02 1.8210E+02 1.5820E+02 1.4530E+02 1.2770E+02 1.2200E+02 1.2270E+02 1.2540E+02 1.1790E+02 1.2390E+02 1.2950E+02 1.5810E+02 1.8360E+02 2.0380E+02 2.0010E+02 1.5490E+02 1.5800E+02 2.2150E+02 2.4550E+02 2.8510E+02 2.6020E+02 2.7530E+02 2.6760E+02 1.9320E+02 1.9370E+02 1.5410E+02 1.9090E+02 2.1180E+02 2.1070E+02 2.0410E+02
4.4810E+02 4.2520E+02 7.1430E+02 8.6680E+02 9.1560E+02 7.7240E+02 5.9560E+02 6.3110E+02 6.5270E+02 5.6970E+02 5.5240E+02 4.2410E+02 3.0950E+02 3.5970E+02 3.6050E+02 3.2010E+02 3.8710E+02 4.2840E+02 5.4710E+02 7.7860E+02 5.8290E+02 4.9610E+02 4.7630E+02 4.7580E+02 4.8930E+02 4.9560E+02 3.2820E+02 2.2600E+02 1.6950E+02 1.5880E+02 1.5600E+02 1.4150E+02 1.2470E+02 1.4890E+02 1.3860E+02 1.1900E+02 1.3070E+02 1.2300E+02 1.5560E+02 1.9320E+02 2.2620E+02 1.9230E+02 1.5360E+02 1.5270E+02 1.8400E+02 2.1140E+02 2.3780E+02 2.9520E+02 3.3690E+02 2.8600E+02 2.3120E+02 2.8990E+02 1.9450E+02 1.5570E+02 1.8250E+02 1.9540E+02 1.7920E+02
4.7250E+02 5.3160E+02 6.1400E+02 7.5920E+02 9.0410E+02 8.2040E+02 6.4960E+02 7.2100E+02 7.2690E+02 6.3840E+02 5.7660E+02 3.8770E+02 3.8160E+02 5.2450E+02 3.5250E+02 3.7680E+02 5.1940E+02 5.1510E+02 5.5150E+02 6.4860E+02 5.2820E+02 5.4280E+02 5.2610E+02 5.1770E+02 4.8350E+02 4.4220E+02 3.6590E+02 2.2280E+02 1.6590E+02 1.5250E+02 1.5100E+02 1.2500E+02 1.5940E+02 1.6780E+02 1.3460E+02 1.2830E+02 1.2570E+02 1.1740E+02 1.4380E+02 1.6910E+02 1.8540E+02 2.6060E+02 2.4000E+02 1.5350E+02 1.6650E+02 2.3970E+02 2.8600E+02 3.6290E+02 3.4190E+02 3.0350E+02 2.4480E+02 2.5210E+02 1.9890E+02 1.5260E+02 1.5880E+02 1.7480E+02 1.9570E+02
7.7070E+02 6.9800E+02 6.8120E+02 8.7190E+02 9.7590E+02 8.8490E+02 7.1630E+02 8.2280E+02 7.6710E+02 6.3420E+02 5.1190E+02 3.9070E+02 4.4560E+02 5.8400E+02 3.6250E+02 4.6740E+02 6.8790E+02 6.3360E+02 6.3970E+02 5.6310E+02 5.7660E+02 6.7900E+02 5.9040E+02 5.3580E+02 5.5880E+02 5.0860E+02 5.0540E+02 2.6390E+02 1.8560E+02 1.5370E+02 1.3310E+02 1.4240E+02 2.0390E+02 1.7380E+02 1.2800E+02 1.3510E+02 1.3550E+02 1.1670E+02 1.3030E+02 1.5200E+02 1.7100E+02 2.2310E+02 2.3490E+02 1.9740E+02 1.6560E+02 2.3200E+02 3.1370E+02 3.4510E+02 3.6610E+02 3.1680E+02 2.5350E+02 2.5080E+02 2.1300E+02 1.7150E+02 1.6260E+02 1.6550E+02 1.9390E+02
