sources/PRTMET/v4.481/qaterr.grd
DSAA
         264         200
      0.5000    263.5000
      0.5000    199.5000
 -0.9990E+03  0.1618E+04
[rows 50 to 74 of 200, columns 0 to 56 of 264]
2.4100E+02 2.2200E+02 1.5700E+02 9.3000E+01 8.5000E+01 1.6600E+02 1.6600E+02 2.3500E+02 3.2200E+02 2.9700E+02 4.0100E+02 3.9300E+02 3.4800E+02 2.1500E+02 3.8100E+02 4.6000E+02 5.1000E+02 4.9400E+02 3.9700E+02 2.8800E+02 2.6200E+02 2.9200E+02 4.3500E+02 5.9900E+02 8.4100E+02 8.8400E+02 8.2000E+02 6.1000E+02 4.3900E+02 3.3050E+02 2.2100E+02 2.9700E+02 1.8500E+02 1.4900E+02 2.2800E+02 2.1900E+02 4.8150E+02 2.4000E+02 1.6900E+02 1.8300E+02 1.0500E+02 2.3000E+02 3.1400E+02 2.3950E+02 1.5100E+02 1.5400E+02 9.0000E+01 1.0300E+02 1.2000E+02 6.7000E+01 1.0000E+01 -9.9900E+02 -9.9900E+02 -9.9900E+02 -9.9900E+02 -9.9900E+02 -9.9900E+02
3.1000E+02 3.2600E+02 2.2300E+02 1.6400E+02 1.1900E+02 1.6300E+02 2.5800E+02 3.2100E+02 3.3900E+02 3.3550E+02 4.1900E+02 3.9600E+02 3.1400E+02 2.6400E+02 3.3400E+02 4.4200E+02 4.4450E+02 3.5400E+02 3.1100E+02 3.0400E+02 2.9200E+02 3.1700E+02 4.7600E+02 6.6400E+02 8.9400E+02 8.9300E+02 6.9900E+02 5.4200E+02 5.5000E+02 4.0800E+02 3.2500E+02 3.9200E+02 1.7900E+02 2.7700E+02 3.8800E+02 3.6900E+02 4.9550E+02 2.8800E+02 1.7300E+02 3.6600E+02 3.2900E+02 5.2700E+02 6.4600E+02 4.6100E+02 2.8100E+02 3.4700E+02 2.7600E+02 2.9700E+02 3.5900E+02 2.3100E+02 1.4700E+02 9.3000E+01 2.2500E+02 2.4300E+02 1.5000E+02 3.3100E+02 1.5950E+02
2.7600E+02 2.7500E+02 2.9050E+02 3.1700E+02 3.5000E+02 2.4300E+02 4.4300E+02 4.6300E+02 4.2900E+02 3.7600E+02 4.1700E+02 5.2900E+02 4.4300E+02 2.9900E+02 3.2000E+02 4.2900E+02 5.2350E+02 4.0100E+02 4.6800E+02 3.6200E+02 3.3900E+02 3.8500E+02 4.0250E+02 5.8900E+02 8.9300E+02 1.0870E+03 8.5000E+02 6.3400E+02 4.3100E+02 3.5300E+02 4.2500E+02 3.5700E+02 2.5600E+02 2.1900E+02 4.2800E+02 6.2200E+02 5.9800E+02 4.7900E+02 2.6600E+02 5.3700E+02 5.7100E+02 5.8100E+02 8.5800E+02 6.2850E+02 4.3700E+02 5.2300E+02 5.9400E+02 6.1800E+02 5.3900E+02 3.8900E+02 3.1550E+02 1.2100E+02 3.3700E+02 4.5500E+02 2.5300E+02 3.9500E+02 2.7600E+02
3.3000E+02 2.5900E+02 2.9950E+02 3.4900E+02 3.8400E+02 2.7500E+02 3.6100E+02 3.6700E+02 4.2200E+02 4.0550E+02 4.3000E+02 4.0900E+02 3.4600E+02 3.2200E+02 3.4000E+02 3.9600E+02 5.5500E+02 5.2900E+02 5.3800E+02 3.5900E+02 3.6500E+02 5.0400E+02 5.6100E+02 6.3700E+02 9.9900E+02 1.0640E+03 8.4700E+02 6.1600E+02 4.9000E+02 6.0950E+02 5.6400E+02 5.4500E+02 6.1800E+02 3.9700E+02 3.2800E+02 4.8800E+02 8.4650E+02 6.3900E+02 3.3900E+02 5.8900E+02 8.3400E+02 9.8600E+02 9.3900E+02 8.6300E+02 6.5300E+02 8.7800E+02 1.0430E+03 9.8200E+02 8.4400E+02 6.5100E+02 3.1850E+02 2.2000E+02 4.4100E+02 5.8700E+02 3.4700E+02 4.7100E+02 4.2200E+02
2.8100E+02 2.3700E+02 3.2050E+02 3.5800E+02 3.6600E+02 3.1500E+02 2.9000E+02 3.2000E+02 3.6300E+02 4.1250E+02 4.0900E+02 3.6200E+02 3.2900E+02 3.7400E+02 4.8100E+02 5.6800E+02 5.9650E+02 6.1800E+02 6.1900E+02 3.8400E+02 3.4100E+02 4.5900E+02 5.6400E+02 6.7100E+02 8.8200E+02 8.5600E+02 6.6300E+02 6.3000E+02 6.2200E+02 8.2650E+02 7.2300E+02 8.7000E+02 1.0070E+03 7.3200E+02 4.6500E+02 6.2400E+02 1.0190E+03 7.7100E+02 5.5000E+02 5.0300E+02 7.8500E+02 1.1890E+03 1.4010E+03 1.1590E+03 9.7100E+02 1.1420E+03 1.4340E+03 1.2810E+03 9.8200E+02 5.3800E+02 1.9650E+02 3.5400E+02 6.4000E+02 7.0200E+02 5.5100E+02 4.6500E+02 5.1500E+02
2.2900E+02 3.4700E+02 5.2600E+02 4.6700E+02 4.4500E+02 3.8000E+02 3.4800E+02 3.4300E+02 3.4500E+02 3.6250E+02 4.4200E+02 4.6200E+02 3.7200E+02 3.8100E+02 4.1200E+02 5.3600E+02 6.8200E+02 4.5600E+02 3.9300E+02 3.3500E+02 3.9600E+02 4.3500E+02 4.7000E+02 6.5500E+02 8.7500E+02 7.6100E+02 7.7400E+02 8.6600E+02 7.7200E+02 1.0200E+03 8.6100E+02 1.0960E+03 1.2360E+03 1.0370E+03 6.8700E+02 5.8600E+02 9.6350E+02 1.0640E+03 7.8000E+02 5.6100E+02 8.2100E+02 1.1275E+03 1.4905E+03 1.6085E+03 1.3640E+03 1.4105E+03 1.3160E+03 1.0785E+03 7.8600E+02 4.6950E+02 3.0380E+02 4.6150E+02 6.1450E+02 7.8200E+02 8.3500E+02 7.1650E+02 8.7100E+02
3.4100E+02 3.1600E+02 4.2200E+02 5.7700E+02 5.7600E+02 5.4900E+02 4.2900E+02 3.5700E+02 3.8100E+02 4.2800E+02 3.9000E+02 5.0000E+02 4.9400E+02 4.7200E+02 4.2200E+02 4.5600E+02 6.4500E+02 6.2100E+02 4.7300E+02 3.6800E+02 4.4100E+02 5.4300E+02 5.5300E+02 6.2270E+02 8.3300E+02 8.8950E+02 9.5250E+02 9.1900E+02 8.7700E+02 9.0700E+02 9.0300E+02 9.5500E+02 9.7450E+02 9.4850E+02 8.7050E+02 7.1850E+02 8.0230E+02 1.1430E+03 1.1095E+03 9.1600E+02 8.3350E+02 9.5900E+02 1.2290E+03 1.3855E+03 1.0560E+03 1.0630E+03 9.3500E+02 6.2800E+02 4.7700E+02 4.0500E+02 5.2900E+02 4.8900E+02 3.4600E+02 6.3100E+02 9.3000E+02 1.1050E+03 1.2550E+03
4.3800E+02 4.5300E+02 4.3500E+02 5.5700E+02 4.1000E+02 5.1400E+02 4.8300E+02 4.0100E+02 4.0700E+02 3.3400E+02 2.6800E+02 3.2500E+02 3.4800E+02 4.8700E+02 4.6800E+02 3.7700E+02 5.3800E+02 6.4300E+02 6.0800E+02 5.1900E+02 4.5450E+02 4.3600E+02 4.5800E+02 5.1230E+02 5.8000E+02 6.8300E+02 7.7900E+02 5.7500E+02 5.1900E+02 5.4500E+02 6.0500E+02 5.9500E+02 5.7000E+02 6.1000E+02 9.4000E+02 9.6900E+02 8.4800E+02 9.9300E+02 9.5300E+02 9.2100E+02 1.0620E+03 1.1720E+03 1.2190E+03 1.4160E+03 1.0080E+03 7.8600E+02 6.8100E+02 6.4300E+02 7.1400E+02 5.5500E+02 6.6800E+02 4.3000E+02 3.7200E+02 4.2200E+02 5.5900E+02 8.6500E+02 1.1250E+03
3.0800E+02 4.0800E+02 4.6250E+02 4.1400E+02 2.9600E+02 3.2000E+02 4.8200E+02 3.3850E+02 2.8750E+02 2.5000E+02 1.9900E+02 2.4400E+02 2.7800E+02 2.7300E+02 2.5750E+02 2.7000E+02 5.0400E+02 6.4700E+02 5.9500E+02 6.1000E+02 5.2900E+02 5.3300E+02 6.4200E+02 5.1300E+02 5.5600E+02 6.2200E+02 6.7400E+02 4.8800E+02 3.6800E+02 4.0300E+02 5.0700E+02 4.1200E+02 4.2600E+02 5.1800E+02 7.0800E+02 7.9500E+02 7.5250E+02 8.5900E+02 8.2800E+02 6.6500E+02 7.8800E+02 9.5100E+02 9.7600E+02 1.2445E+03 9.6400E+02 8.0000E+02 1.0080E+03 9.6700E+02 8.5700E+02 5.9600E+02 6.3500E+02 4.3600E+02 6.6400E+02 7.7000E+02 5.5900E+02 7.4600E+02 8.7900E+02
2.4050E+02 3.3300E+02 2.9180E+02 3.2750E+02 2.4500E+02 2.6500E+02 3.3450E+02 3.0300E+02 2.7600E+02 1.9500E+02 1.5300E+02 1.6600E+02 1.7900E+02 1.7900E+02 2.2100E+02 2.7300E+02 4.8500E+02 6.1500E+02 6.3400E+02 5.7300E+02 5.6100E+02 4.7900E+02 5.3200E+02 4.5700E+02 4.0700E+02 4.2400E+02 5.0500E+02 4.3400E+02 3.7700E+02 3.2200E+02 4.5450E+02 3.9300E+02 3.4500E+02 4.1600E+02 4.3400E+02 5.5000E+02 4.6450E+02 4.5100E+02 4.8400E+02 4.9200E+02 5.6200E+02 6.6800E+02 8.5000E+02 1.1225E+03 1.0820E+03 9.4100E+02 1.2320E+03 1.1720E+03 8.7000E+02 7.8600E+02 6.7650E+02 5.6200E+02 8.1800E+02 1.0310E+03 8.3000E+02 7.6800E+02 7.6200E+02
2.2200E+02 2.7900E+02 2.0550E+02 2.1100E+02 2.2600E+02 1.9200E+02 2.3400E+02 2.4200E+02 3.0100E+02 1.7350E+02 1.3200E+02 1.3200E+02 1.4700E+02 2.0500E+02 2.1100E+02 2.8800E+02 3.4500E+02 4.7600E+02 5.0400E+02 5.2700E+02 3.5700E+02 3.0400E+02 3.9900E+02 3.5700E+02 2.7500E+02 3.3400E+02 4.6400E+02 3.6400E+02 4.4600E+02 3.2700E+02 5.4900E+02 4.4500E+02 3.2500E+02 3.1900E+02 4.4700E+02 4.4200E+02 3.5700E+02 4.2500E+02 6.0600E+02 6.4100E+02 5.6100E+02 6.0600E+02 7.5700E+02 1.1435E+03 1.2980E+03 1.1060E+03 1.3220E+03 1.3440E+03 1.1820E+03 1.1050E+03 7.0300E+02 6.5100E+02 9.0200E+02 1.0850E+03 1.1070E+03 9.7200E+02 9.3900E+02
2.3300E+02 3.0200E+02 2.6650E+02 2.0700E+02 2.8200E+02 1.6400E+02 2.6900E+02 3.2900E+02 3.0500E+02 2.0600E+02 1.4300E+02 1.8700E+02 1.9200E+02 2.2300E+02 2.4600E+02 2.4300E+02 2.5350E+02 3.1000E+02 3.3000E+02 3.8400E+02 4.1600E+02 2.4600E+02 2.5600E+02 3.1800E+02 2.4600E+02 2.5300E+02 4.0300E+02 2.7100E+02 2.7900E+02 3.3800E+02 5.8750E+02 5.4800E+02 3.1600E+02 3.4200E+02 4.0400E+02 2.8800E+02 4.1700E+02 6.7100E+02 8.4100E+02 8.9200E+02 7.5400E+02 9.8000E+02 9.9300E+02 9.9200E+02 1.3000E+03 1.3430E+03 1.4380E+03 1.3240E+03 1.1680E+03 1.0500E+03 7.3100E+02 6.3100E+02 7.9300E+02 1.0690E+03 1.2630E+03 1.0680E+03 1.0760E+03
2.0200E+02 2.4600E+02 2.1200E+02 1.6750E+02 1.9200E+02 1.4900E+02 2.2100E+02 2.1400E+02 2.2600E+02 1.7950E+02 1.4200E+02 1.6400E+02 1.8100E+02 1.9900E+02 2.2700E+02 2.1800E+02 1.9950E+02 2.3500E+02 2.6200E+02 2.6100E+02 2.3100E+02 2.0800E+02 1.8200E+02 2.3450E+02 2.7200E+02 1.9000E+02 2.3300E+02 2.2000E+02 3.3500E+02 5.4900E+02 4.8300E+02 4.8700E+02 4.0000E+02 2.5400E+02 2.6300E+02 3.9200E+02 5.5600E+02 7.4800E+02 8.5200E+02 9.1800E+02 9.4700E+02 1.0480E+03 7.5500E+02 8.2950E+02 1.0140E+03 1.1090E+03 1.2130E+03 1.2230E+03 1.2110E+03 1.2190E+03 9.1350E+02 8.6500E+02 7.9700E+02 8.9000E+02 1.1410E+03 1.1860E+03 1.2860E+03
1.4400E+02 1.5800E+02 1.6800E+02 1.6150E+02 1.7800E+02 1.2100E+02 1.8100E+02 1.9600E+02 1.9400E+02 1.4450E+02 1.5200E+02 1.7200E+02 1.6000E+02 1.6400E+02 1.5000E+02 1.5900E+02 1.4700E+02 1.5900E+02 2.1300E+02 2.3100E+02 1.8800E+02 1.4900E+02 1.4100E+02 1.5000E+02 1.7300E+02 1.6700E+02 1.6400E+02 2.3300E+02 3.3500E+02 3.3100E+02 4.0950E+02 2.9000E+02 3.1000E+02 2.5100E+02 3.4300E+02 4.9400E+02 5.4700E+02 5.9600E+02 5.5400E+02 7.2500E+02 7.9100E+02 8.2500E+02 7.1100E+02 7.1250E+02 7.8600E+02 1.0860E+03 9.2500E+02 9.3100E+02 1.1210E+03 1.0020E+03 7.7000E+02 7.4900E+02 1.0140E+03 9.4600E+02 1.0180E+03 9.5000E+02 1.1100E+03
9.8000E+01 1.1800E+02 1.2500E+02 1.0750E+02 1.0800E+02 8.4000E+01 1.1000E+02 1.2000E+02 1.1300E+02 9.6500E+01 1.2300E+02 1.3600E+02 1.3200E+02 1.5500E+02 1.0900E+02 1.4700E+02 1.1950E+02 1.3000E+02 1.8300E+02 1.6900E+02 1.4400E+02 1.2100E+02 1.4100E+02 1.1200E+02 1.3000E+02 1.3100E+02 1.5700E+02 1.8300E+02 1.9200E+02 2.3200E+02 3.1650E+02 3.3400E+02 2.0700E+02 1.9100E+02 4.1000E+02 5.1500E+02 4.5700E+02 3.7600E+02 4.8200E+02 5.8100E+02 5.5800E+02 6.3400E+02 5.4600E+02 5.3650E+02 8.0900E+02 1.0230E+03 8.0100E+02 7.3100E+02 8.3400E+02 9.3800E+02 6.6300E+02 6.1000E+02 8.0800E+02 8.3600E+02 9.8500E+02 8.0600E+02 9.0500E+02
9.2000E+01 1.0100E+02 1.0200E+02 9.2500E+01 9.1000E+01 6.3000E+01 8.8000E+01 8.0000E+01 7.7000E+01 7.8500E+01 1.0500E+02 1.0700E+02 1.0500E+02 9.9000E+01 9.9000E+01 1.2300E+02 1.0900E+02 1.3100E+02 1.3300E+02 1.3500E+02 1.3400E+02 1.0800E+02 9.3000E+01 1.3150E+02 1.6100E+02 1.6700E+02 1.4400E+02 1.3400E+02 1.5400E+02 1.8600E+02 2.5650E+02 2.5600E+02 1.9500E+02 1.8400E+02 2.5500E+02 2.9100E+02 2.5900E+02 3.9850E+02 5.4500E+02 4.8900E+02 4.5100E+02 6.2000E+02 4.2200E+02 5.6800E+02 7.4700E+02 9.1600E+02 8.0600E+02 6.9200E+02 6.3000E+02 6.7800E+02 6.4850E+02 5.5700E+02 5.6100E+02 6.7900E+02 8.0300E+02 7.1900E+02 8.5100E+02
8.0000E+01 8.4000E+01 8.3000E+01 7.4000E+01 7.5000E+01 5.6000E+01 6.5000E+01 5.5000E+01 6.3000E+01 7.0000E+01 7.7000E+01 8.5000E+01 9.7000E+01 8.5000E+01 1.0300E+02 9.1000E+01 9.2500E+01 1.0400E+02 1.0700E+02 1.0400E+02 1.0300E+02 1.0700E+02 9.2000E+01 1.3750E+02 1.5300E+02 1.6000E+02 1.3300E+02 1.1900E+02 1.3200E+02 1.4600E+02 1.9150E+02 1.8300E+02 1.4700E+02 1.5200E+02 1.9100E+02 2.6200E+02 3.4500E+02 4.3250E+02 3.9100E+02 4.7100E+02 3.4300E+02 5.8000E+02 4.2700E+02 5.0850E+02 5.9100E+02 7.3000E+02 9.2700E+02 8.4200E+02 7.5900E+02 6.5500E+02 4.9700E+02 4.2000E+02 4.6900E+02 6.6800E+02 7.6500E+02 6.2400E+02 7.4300E+02
5.9000E+01 6.4000E+01 6.3000E+01 6.0000E+01 6.8000E+01 5.3000E+01 5.6000E+01 5.2000E+01 7.4000E+01 7.9000E+01 6.9500E+01 7.0000E+01 7.0000E+01 6.3000E+01 7.6000E+01 7.9000E+01 8.3500E+01 8.5000E+01 8.7000E+01 8.4000E+01 8.8000E+01 7.7000E+01 9.6000E+01 1.0450E+02 1.1800E+02 1.2000E+02 1.1800E+02 1.0400E+02 1.0800E+02 1.3200E+02 1.4900E+02 1.2700E+02 1.1400E+02 1.6200E+02 2.1500E+02 2.4900E+02 2.8000E+02 3.2700E+02 2.7850E+02 3.0500E+02 2.7600E+02 4.1600E+02 3.1350E+02 4.0080E+02 5.6000E+02 7.1900E+02 5.9800E+02 5.2500E+02 6.7650E+02 6.9000E+02 4.9800E+02 3.7350E+02 4.8800E+02 5.7950E+02 5.7000E+02 5.2950E+02 5.4700E+02
4.9000E+01 4.9000E+01 5.1000E+01 5.2500E+01 6.0000E+01 5.0000E+01 4.1000E+01 5.0000E+01 6.5000E+01 6.5000E+01 6.2000E+01 6.0000E+01 5.8000E+01 5.9000E+01 5.7000E+01 6.1000E+01 7.0000E+01 6.5000E+01 7.7000E+01 8.3000E+01 7.6000E+01 6.4000E+01 9.1000E+01 8.7500E+01 8.6500E+01 9.4000E+01 9.3500E+01 8.8000E+01 9.9500E+01 1.1150E+02 1.0350E+02 1.1500E+02 1.3500E+02 1.2350E+02 1.7750E+02 2.6300E+02 2.9950E+02 2.7380E+02 2.2000E+02 2.0600E+02 3.1100E+02 3.2300E+02 4.1400E+02 6.4350E+02 7.7500E+02 8.7700E+02 7.3300E+02 5.8100E+02 5.2100E+02 4.5800E+02 3.8100E+02 2.5400E+02 4.0100E+02 4.5600E+02 5.6800E+02 6.0100E+02 4.3000E+02
4.0000E+01 3.8000E+01 4.0000E+01 4.1000E+01 4.8000E+01 4.5000E+01 3.8000E+01 4.5000E+01 4.8000E+01 5.1000E+01 4.7500E+01 4.9000E+01 4.4000E+01 4.7000E+01 5.1500E+01 5.6000E+01 5.8800E+01 5.7000E+01 6.1000E+01 6.5500E+01 6.3000E+01 6.2500E+01 7.5000E+01 6.4500E+01 6.2000E+01 7.1000E+01 7.8000E+01 7.9000E+01 8.4000E+01 9.7000E+01 9.5000E+01 9.8000E+01 1.3800E+02 1.3200E+02 1.3700E+02 1.7000E+02 3.0600E+02 2.1200E+02 2.5500E+02 2.0400E+02 2.9400E+02 4.8700E+02 5.2500E+02 5.1400E+02 6.5850E+02 8.4200E+02 8.5800E+02 6.7600E+02 5.2200E+02 4.0900E+02 3.1800E+02 2.6800E+02 3.6900E+02 3.3200E+02 5.1400E+02 5.8400E+02 3.8200E+02
3.4000E+01 3.3000E+01 3.4000E+01 3.6000E+01 4.0000E+01 3.6000E+01 3.4500E+01 3.7500E+01 3.6500E+01 3.6500E+01 3.7000E+01 3.8000E+01 3.9500E+01 4.1500E+01 4.6000E+01 4.8000E+01 4.6000E+01 5.1500E+01 5.6000E+01 5.7000E+01 5.9000E+01 5.4000E+01 5.8000E+01 5.7000E+01 5.6000E+01 6.0000E+01 6.4000E+01 7.1000E+01 7.2000E+01 8.7000E+01 9.3000E+01 1.1400E+02 1.3600E+02 1.7300E+02 1.6600E+02 1.5700E+02 1.6100E+02 2.9100E+02 4.6500E+02 3.6300E+02 3.1000E+02 2.9300E+02 3.3100E+02 5.2100E+02 7.3800E+02 8.3500E+02 9.5800E+02 8.3700E+02 6.3600E+02 4.1000E+02 2.4950E+02 2.9200E+02 2.5200E+02 3.4600E+02 4.9100E+02 4.7500E+02 4.2400E+02
2.8500E+01 2.7000E+01 2.7500E+01 2.9300E+01 3.0500E+01 2.7000E+01 2.8000E+01 2.9000E+01 2.9000E+01 2.8000E+01 3.1000E+01 3.5000E+01 3.6000E+01 4.0000E+01 4.3000E+01 4.2000E+01 4.2000E+01 5.1000E+01 5.1000E+01 5.1000E+01 5.5000E+01 4.7000E+01 4.7000E+01 4.6500E+01 4.5000E+01 4.9000E+01 6.1000E+01 6.4000E+01 6.8000E+01 7.2000E+01 7.5500E+01 9.6000E+01 1.2300E+02 1.7200E+02 2.5600E+02 3.1200E+02 1.9400E+02 3.0450E+02 5.5600E+02 5.2100E+02 5.6700E+02 5.0000E+02 3.4900E+02 5.0800E+02 7.8050E+02 9.3400E+02 7.8900E+02 6.9700E+02 7.0500E+02 5.8500E+02 2.6350E+02 1.9800E+02 2.5400E+02 2.6300E+02 3.7700E+02 4.9700E+02 3.9700E+02
2.3000E+01 2.1000E+01 2.3000E+01 2.5000E+01 2.5000E+01 2.3000E+01 2.2000E+01 2.6000E+01 2.6000E+01 2.6000E+01 3.0000E+01 3.3000E+01 3.6000E+01 3.9000E+01 4.0000E+01 3.9000E+01 4.5000E+01 4.6000E+01 4.6000E+01 4.5000E+01 4.9000E+01 4.9000E+01 4.1000E+01 4.0500E+01 4.4000E+01 4.7000E+01 5.4000E+01 5.9000E+01 6.8000E+01 6.9000E+01 6.6000E+01 7.8000E+01 1.1900E+02 1.2900E+02 1.8900E+02 3.3700E+02 3.0200E+02 2.7600E+02 3.4800E+02 2.6500E+02 3.6500E+02 3.7100E+02 5.2400E+02 5.8900E+02 7.6400E+02 8.7700E+02 6.5000E+02 5.2700E+02 4.9200E+02 4.8500E+02 2.5550E+02 1.8100E+02 2.5800E+02 2.1500E+02 2.6400E+02 3.4000E+02 3.4300E+02
2.0000E+01 1.8000E+01 2.1000E+01 2.2500E+01 2.2000E+01 2.1000E+01 2.0000E+01 2.2000E+01 2.3000E+01 2.5000E+01 2.8000E+01 3.2000E+01 3.4000E+01 3.4000E+01 3.6000E+01 4.2000E+01 4.3000E+01 4.1500E+01 4.1000E+01 4.2000E+01 4.2000E+01 4.4000E+01 4.5000E+01 3.9500E+01 4.3000E+01 4.7000E+01 5.1000E+01 5.5000E+01 7.7000E+01 7.2000E+01 5.8500E+01 7.4000E+01 7.2000E+01 7.2000E+01 1.1700E+02 1.2800E+02 2.4900E+02 2.8500E+02 2.3400E+02 1.4400E+02 1.7600E+02 3.2300E+02 5.3200E+02 7.1700E+02 7.1200E+02 7.0600E+02 6.8400E+02 4.4600E+02 3.9000E+02 3.5500E+02 2.6550E+02 1.6200E+02 1.7100E+02 1.6600E+02 1.9500E+02 3.3500E+02 3.1600E+02
1.4000E+01 1.4000E+01 1.7000E+01 1.9000E+01 1.9000E+01 2.0000E+01 2.0000E+01 1.9000E+01 2.2000E+01 2.4000E+01 2.6000E+01 2.9000E+01 2.9000E+01 3.1000E+01 3.8000E+01 3.9000E+01 4.0000E+01 3.7000E+01 3.5000E+01 3.6000E+01 3.8000E+01 4.0000E+01 4.0000E+01 3.8500E+01 4.1000E+01 4.4000E+01 4.6000E+01 5.1000E+01 5.7000E+01 8.5000E+01 5.2000E+01 8.0000E+01 6.3000E+01 6.5000E+01 8.0000E+01 1.1200E+02 1.2000E+02 1.4250E+02 1.5800E+02 1.3000E+02 1.5000E+02 2.8900E+02 4.1100E+02 3.5600E+02 4.5550E+02 6.5800E+02 6.8800E+02 5.1000E+02 3.1500E+02 3.7100E+02 1.7550E+02 1.3600E+02 1.3800E+02 2.0500E+02 2.4500E+02 2.7000E+02 3.0600E+02
