sources/PRTMET/v4.481/qaterr.grd
DSAA
         264         200
      0.5000    263.5000
      0.5000    199.5000
 -0.9990E+03  0.1618E+04
[rows 125 to 149 of 200, columns 114 to 170 of 264]
8.6000E+01 9.7000E+01 1.0700E+02 1.1800E+02 1.3700E+02 1.4600E+02 1.5500E+02 1.6200E+02 1.5000E+02 1.5500E+02 1.5200E+02 1.6900E+02 1.4300E+02 1.1600E+02 1.1500E+02 1.0200E+02 9.0000E+01 8.0000E+01 7.5500E+01 6.6000E+01 6.2000E+01 6.1000E+01 5.8000E+01 5.0000E+01 4.0500E+01 3.9000E+01 3.9000E+01 3.2000E+01 2.8000E+01 2.4000E+01 2.7000E+01 3.2500E+01 5.3000E+01 7.2000E+01 6.1000E+01 6.1000E+01 7.6000E+01 1.0700E+02 9.3000E+01 1.0400E+02 8.3000E+01 9.1000E+01 9.5000E+01 9.2000E+01 7.4000E+01 3.9000E+01 4.2000E+01 2.8000E+01 2.8500E+01 2.6500E+01 1.6700E+01 2.3000E+01 4.2000E+01 6.7000E+01 8.0000E+01 8.4500E+01 1.5000E+02
8.6000E+01 9.2000E+01 1.0200E+02 1.1000E+02 1.2300E+02 1.4100E+02 1.5100E+02 1.5800E+02 1.7200E+02 1.6600E+02 1.5500E+02 1.5700E+02 1.1600E+02 9.7000E+01 8.9000E+01 8.7000E+01 8.2000E+01 7.4000E+01 6.8500E+01 6.1000E+01 6.1000E+01 5.8000E+01 5.4000E+01 4.8000E+01 4.6500E+01 4.2000E+01 4.0000E+01 3.5000E+01 3.1000E+01 2.7000E+01 2.4000E+01 2.4500E+01 3.8000E+01 5.2000E+01 6.3000E+01 4.3000E+01 5.9000E+01 8.1000E+01 6.8000E+01 9.7000E+01 6.7000E+01 6.5000E+01 6.7000E+01 6.1000E+01 5.0000E+01 3.7000E+01 2.3000E+01 2.7000E+01 1.9000E+01 9.0000E+00 1.6000E+01 2.1000E+01 1.5000E+01 3.1000E+01 5.9000E+01 8.5000E+01 1.1500E+02
9.0000E+01 9.7000E+01 1.1000E+02 1.1500E+02 1.2450E+02 1.4300E+02 1.5200E+02 1.4400E+02 1.4400E+02 1.5800E+02 1.5800E+02 1.4700E+02 1.0600E+02 9.2000E+01 8.1000E+01 7.7000E+01 7.4000E+01 6.3000E+01 5.7500E+01 5.9000E+01 5.8000E+01 5.4000E+01 5.1000E+01 5.2000E+01 6.6000E+01 5.5000E+01 4.6000E+01 3.7000E+01 3.2000E+01 2.7000E+01 2.4000E+01 2.3000E+01 4.6000E+01 4.5000E+01 3.9000E+01 3.6000E+01 5.0000E+01 4.7500E+01 4.2000E+01 7.8000E+01 4.2000E+01 5.2000E+01 5.1000E+01 5.2000E+01 3.6500E+01 3.9000E+01 2.2000E+01 2.1000E+01 1.4000E+01 1.0000E+01 1.1500E+01 1.7000E+01 1.1000E+01 2.8000E+01 7.0000E+01 1.0000E+02 1.3600E+02
9.1000E+01 9.7000E+01 1.0800E+02 1.1900E+02 1.2850E+02 1.3500E+02 1.2900E+02 1.3700E+02 1.4400E+02 1.4700E+02 1.5200E+02 1.2800E+02 9.9000E+01 8.9000E+01 8.0000E+01 7.3000E+01 7.1000E+01 4.8000E+01 5.0000E+01 6.2000E+01 6.2000E+01 6.2000E+01 6.0000E+01 6.1000E+01 4.9000E+01 4.2000E+01 3.9000E+01 3.7000E+01 3.6000E+01 3.5000E+01 3.1000E+01 2.3000E+01 2.9000E+01 2.4000E+01 2.3000E+01 3.6000E+01 3.6000E+01 3.6500E+01 3.4000E+01 4.2000E+01 2.9000E+01 4.8000E+01 3.8000E+01 4.7000E+01 2.5000E+01 3.1000E+01 2.7000E+01 4.3000E+01 2.3000E+01 1.2000E+01 7.5000E+00 8.0000E+00 9.0000E+00 4.6000E+01 9.1000E+01 1.0000E+02 1.0800E+02
8.9000E+01 9.0000E+01 9.6000E+01 1.1000E+02 1.2350E+02 1.3200E+02 1.2200E+02 1.4100E+02 1.5800E+02 1.6100E+02 1.6400E+02 1.3500E+02 9.9000E+01 8.5000E+01 7.6000E+01 7.0000E+01 6.6000E+01 4.6000E+01 4.7500E+01 6.4000E+01 7.5000E+01 8.2000E+01 8.4000E+01 6.2000E+01 4.2500E+01 3.7000E+01 3.4000E+01 3.2000E+01 3.3000E+01 3.4000E+01 3.3000E+01 2.4500E+01 2.8000E+01 2.1000E+01 1.7000E+01 2.6000E+01 2.4000E+01 2.5500E+01 2.6000E+01 2.8000E+01 2.0000E+01 3.3000E+01 2.6000E+01 3.6000E+01 1.9500E+01 2.0000E+01 2.4000E+01 4.0000E+01 2.1000E+01 1.6000E+01 1.3000E+01 4.0000E+00 5.0000E+00 4.3000E+01 1.0400E+02 1.0000E+02 7.9000E+01
8.4000E+01 8.8000E+01 9.3000E+01 1.0000E+02 1.1000E+02 1.1800E+02 1.2100E+02 1.4300E+02 1.5900E+02 1.7300E+02 1.3900E+02 1.3500E+02 9.8000E+01 8.5000E+01 7.4000E+01 6.5000E+01 5.9000E+01 4.9000E+01 6.0000E+01 5.7000E+01 6.8000E+01 7.7000E+01 6.6000E+01 5.3000E+01 4.1500E+01 3.6000E+01 3.1000E+01 3.0000E+01 2.9000E+01 3.1000E+01 2.9000E+01 3.0500E+01 3.1000E+01 3.0000E+01 2.4000E+01 1.3000E+01 1.5000E+01 1.7500E+01 2.0000E+01 2.1000E+01 1.6000E+01 1.8000E+01 2.1000E+01 1.8000E+01 1.5500E+01 1.2000E+01 2.3000E+01 2.2000E+01 2.1000E+01 2.3000E+01 1.6000E+01 4.0000E+00 4.0000E+00 2.2000E+01 9.0000E+01 8.0000E+01 7.3000E+01
8.3000E+01 8.9000E+01 9.3000E+01 9.6000E+01 1.0250E+02 1.0900E+02 1.1800E+02 1.3000E+02 1.5000E+02 1.5500E+02 1.2200E+02 1.0250E+02 9.1000E+01 8.1000E+01 7.2000E+01 6.4000E+01 5.4000E+01 5.0000E+01 6.4000E+01 5.4000E+01 5.3000E+01 5.8000E+01 5.4000E+01 4.7000E+01 4.4000E+01 4.0000E+01 3.5000E+01 3.1000E+01 3.0000E+01 2.9000E+01 2.7000E+01 2.7500E+01 2.9000E+01 2.5000E+01 1.4000E+01 1.0000E+01 1.0000E+01 1.5500E+01 1.6000E+01 1.5000E+01 1.9000E+01 1.0000E+01 1.4000E+01 1.2000E+01 1.8500E+01 8.0000E+00 6.0000E+00 0.0000E+00 2.1000E+01 4.6000E+01 2.6000E+01 1.2000E+01 4.0000E+00 3.2000E+01 6.4000E+01 5.0000E+01 4.1000E+01
8.3000E+01 8.6000E+01 9.1000E+01 9.5000E+01 1.0250E+02 1.0900E+02 1.1500E+02 1.2000E+02 1.3100E+02 1.4300E+02 1.4200E+02 1.2600E+02 8.5000E+01 7.6000E+01 7.1000E+01 6.3000E+01 5.4000E+01 4.8000E+01 4.9500E+01 5.5000E+01 5.5000E+01 5.1000E+01 4.9000E+01 4.3000E+01 4.1500E+01 3.8000E+01 3.3000E+01 3.1000E+01 3.0000E+01 3.0000E+01 2.8000E+01 2.5500E+01 2.8000E+01 2.3000E+01 1.7000E+01 1.3000E+01 9.0000E+00 9.0000E+00 1.2000E+01 1.0000E+01 1.3000E+01 1.3000E+01 1.2000E+01 9.0000E+00 1.2500E+01 5.0000E+00 2.0000E+00 0.0000E+00 1.7000E+01 3.7000E+01 2.8000E+01 7.0000E+00 4.0000E+00 2.7000E+01 2.2000E+01 1.8000E+01 2.8000E+01
8.8000E+01 8.9000E+01 9.1000E+01 9.5000E+01 1.0300E+02 1.0900E+02 1.1400E+02 1.2400E+02 1.4000E+02 1.5600E+02 1.7300E+02 1.8400E+02 1.0700E+02 7.5000E+01 6.6000E+01 5.9000E+01 6.3000E+01 5.1000E+01 4.6000E+01 4.8000E+01 4.4000E+01 4.6000E+01 4.6000E+01 4.3000E+01 3.9500E+01 3.7000E+01 3.4000E+01 3.1000E+01 3.0000E+01 3.0000E+01 2.8000E+01 2.4000E+01 2.4000E+01 2.1000E+01 1.8000E+01 1.6000E+01 1.2000E+01 8.0000E+00 7.0000E+00 7.0000E+00 7.0000E+00 1.9000E+01 1.0000E+01 1.1000E+01 0.0000E+00 0.0000E+00 0.0000E+00 0.0000E+00 0.0000E+00 0.0000E+00 3.4500E+01 1.6000E+01 4.0000E+00 2.0000E+01 1.0000E+01 6.0000E+00 1.7000E+01
9.3000E+01 9.4000E+01 9.4000E+01 9.7000E+01 1.0450E+02 1.1300E+02 1.2100E+02 1.3000E+02 1.4300E+02 1.5800E+02 1.7400E+02 1.7700E+02 1.0800E+02 7.5000E+01 6.3000E+01 5.7000E+01 5.2000E+01 5.7000E+01 4.7000E+01 4.2000E+01 4.2000E+01 4.0000E+01 4.0000E+01 3.7000E+01 3.5000E+01 3.2000E+01 3.1000E+01 3.3000E+01 2.9000E+01 2.8000E+01 2.7000E+01 2.3500E+01 2.1000E+01 1.8000E+01 1.5000E+01 1.3000E+01 1.3000E+01 2.1000E+01 9.0000E+00 4.0000E+00 3.0000E+00 8.0000E+00 0.0000E+00 0.0000E+00 0.0000E+00 0.0000E+00 0.0000E+00 0.0000E+00 0.0000E+00 0.0000E+00 2.4000E+01 1.1000E+01 6.0000E+00 4.0000E+00 3.0000E+00 3.0000E+00 6.0000E+00
1.0000E+02 1.0000E+02 9.8000E+01 1.0100E+02 1.0950E+02 1.2400E+02 1.3800E+02 1.4200E+02 1.6400E+02 1.7900E+02 1.9000E+02 1.4750E+02 8.5000E+01 7.2000E+01 6.3000E+01 5.4500E+01 4.9000E+01 5.3000E+01 5.3500E+01 4.4000E+01 4.1000E+01 3.8500E+01 3.6500E+01 3.4500E+01 3.1000E+01 2.9000E+01 2.8000E+01 3.0000E+01 3.3000E+01 3.7000E+01 3.0000E+01 2.7500E+01 2.6000E+01 2.6000E+01 2.5000E+01 1.8000E+01 1.1000E+01 1.1000E+01 7.0000E+00 2.0000E+00 1.0000E+00 1.0000E+00 0.0000E+00 0.0000E+00 0.0000E+00 0.0000E+00 0.0000E+00 0.0000E+00 0.0000E+00 0.0000E+00 1.7000E+01 5.0000E+00 5.0000E+00 4.0000E+00 3.0000E+00 3.0000E+00 3.0000E+00
1.0700E+02 1.0900E+02 1.1050E+02 1.1450E+02 1.2380E+02 1.3450E+02 1.4900E+02 1.6700E+02 1.7550E+02 1.8800E+02 1.9250E+02 1.4650E+02 1.0500E+02 8.0000E+01 6.0000E+01 5.2000E+01 4.7000E+01 4.6000E+01 4.4500E+01 4.1000E+01 4.0000E+01 3.7000E+01 3.3000E+01 3.1000E+01 3.5000E+01 2.9000E+01 2.7000E+01 2.6500E+01 2.6000E+01 2.8500E+01 3.1500E+01 3.0300E+01 3.0500E+01 3.0500E+01 2.3000E+01 1.8500E+01 1.3500E+01 7.3000E+00 3.0000E+00 2.0000E+00 1.0000E+00 0.0000E+00 0.0000E+00 0.0000E+00 0.0000E+00 0.0000E+00 0.0000E+00 0.0000E+00 0.0000E+00 0.0000E+00 0.0000E+00 0.0000E+00 4.0000E+00 2.0000E+00 2.0000E+00 3.0000E+00 2.0000E+00
1.1100E+02 1.1500E+02 1.1700E+02 1.2400E+02 1.4600E+02 1.6300E+02 1.6400E+02 1.9400E+02 2.1100E+02 2.0200E+02 1.4300E+02 1.2450E+02 1.5000E+02 1.0200E+02 5.5000E+01 4.9000E+01 4.7000E+01 4.4000E+01 3.9500E+01 3.7000E+01 3.6000E+01 3.4000E+01 3.2000E+01 3.0000E+01 3.0500E+01 3.0000E+01 2.7000E+01 2.5000E+01 2.1000E+01 1.9000E+01 1.9000E+01 2.5500E+01 2.7000E+01 2.6000E+01 2.4000E+01 2.1000E+01 1.7000E+01 1.0000E+01 5.0000E+00 1.0000E+00 -9.9900E+02 0.0000E+00 0.0000E+00 0.0000E+00 0.0000E+00 0.0000E+00 0.0000E+00 0.0000E+00 0.0000E+00 0.0000E+00 0.0000E+00 0.0000E+00 0.0000E+00 7.5000E+00 1.0000E+00 2.0000E+00 2.0000E+00
1.1500E+02 1.2300E+02 1.3900E+02 1.4600E+02 1.6100E+02 1.9100E+02 1.8900E+02 2.0000E+02 2.1500E+02 2.2800E+02 2.1000E+02 1.2500E+02 1.2600E+02 9.1000E+01 6.4000E+01 5.2000E+01 4.9000E+01 4.4000E+01 4.1000E+01 4.0000E+01 3.8000E+01 3.5000E+01 3.2000E+01 3.1000E+01 2.8000E+01 2.5000E+01 2.3000E+01 2.0000E+01 2.0000E+01 1.9000E+01 1.6000E+01 2.0000E+01 2.2000E+01 2.4000E+01 2.3000E+01 2.2000E+01 1.9000E+01 1.6000E+01 1.1000E+01 1.0000E+00 0.0000E+00 0.0000E+00 0.0000E+00 0.0000E+00 0.0000E+00 0.0000E+00 0.0000E+00 0.0000E+00 0.0000E+00 0.0000E+00 0.0000E+00 0.0000E+00 0.0000E+00 -9.9900E+02 2.0000E+00 1.0000E+00 1.0000E+00
1.2400E+02 1.4200E+02 1.5000E+02 1.6000E+02 1.6450E+02 2.0300E+02 1.9700E+02 1.9000E+02 1.9500E+02 2.1900E+02 2.3000E+02 1.4400E+02 7.8000E+01 7.2000E+01 6.4000E+01 5.5000E+01 5.0000E+01 4.6000E+01 4.2500E+01 4.1000E+01 3.9000E+01 3.5000E+01 3.2000E+01 3.0000E+01 2.9500E+01 2.6000E+01 2.3000E+01 2.2000E+01 2.0000E+01 1.9000E+01 1.6000E+01 1.5000E+01 2.1000E+01 2.3000E+01 2.0000E+01 2.0000E+01 2.0000E+01 1.6000E+01 9.0000E+00 1.0000E+00 -9.9900E+02 0.0000E+00 0.0000E+00 0.0000E+00 0.0000E+00 0.0000E+00 0.0000E+00 0.0000E+00 0.0000E+00 0.0000E+00 0.0000E+00 0.0000E+00 0.0000E+00 7.0000E+00 4.0000E+00 1.0000E+00 -9.9900E+02
1.4400E+02 1.6700E+02 1.6400E+02 1.7800E+02 1.7000E+02 1.8900E+02 1.8900E+02 1.8800E+02 1.8600E+02 2.2000E+02 1.7900E+02 1.0300E+02 7.5000E+01 6.9000E+01 6.3000E+01 5.9000E+01 5.2000E+01 4.5000E+01 4.0500E+01 4.0000E+01 3.8000E+01 3.5000E+01 3.2000E+01 3.2000E+01 3.1500E+01 2.7000E+01 2.6000E+01 2.6000E+01 2.4000E+01 2.4000E+01 2.1000E+01 1.8000E+01 1.3000E+01 1.8000E+01 1.9000E+01 1.4000E+01 1.4000E+01 1.1000E+01 1.0000E+01 3.0000E+00 -9.9900E+02 0.0000E+00 0.0000E+00 0.0000E+00 0.0000E+00 0.0000E+00 0.0000E+00 0.0000E+00 0.0000E+00 0.0000E+00 0.0000E+00 0.0000E+00 0.0000E+00 0.0000E+00 0.0000E+00 0.0000E+00 -9.9900E+02
1.6600E+02 1.7600E+02 1.7300E+02 1.9700E+02 1.8300E+02 1.5500E+02 1.9900E+02 1.9300E+02 1.9200E+02 2.2400E+02 1.6400E+02 1.0100E+02 8.6000E+01 7.6000E+01 6.6000E+01 5.9000E+01 5.3000E+01 4.7000E+01 4.1500E+01 4.0000E+01 3.9000E+01 3.6000E+01 3.4000E+01 3.5000E+01 3.3000E+01 2.9000E+01 3.1000E+01 3.1000E+01 3.0000E+01 2.8000E+01 2.3000E+01 2.9000E+01 1.5000E+01 1.0000E+01 1.4000E+01 1.3000E+01 1.1000E+01 1.0000E+01 6.0000E+00 1.0000E+00 -9.9900E+02 0.0000E+00 0.0000E+00 0.0000E+00 0.0000E+00 0.0000E+00 0.0000E+00 0.0000E+00 0.0000E+00 0.0000E+00 0.0000E+00 0.0000E+00 0.0000E+00 0.0000E+00 0.0000E+00 0.0000E+00 0.0000E+00
1.6100E+02 1.7700E+02 1.9600E+02 1.9600E+02 1.9200E+02 1.6200E+02 1.8800E+02 2.0500E+02 2.1300E+02 2.3400E+02 1.9900E+02 1.1800E+02 9.9000E+01 8.0000E+01 6.8000E+01 6.2000E+01 5.2000E+01 4.7000E+01 4.4000E+01 4.1000E+01 3.9000E+01 3.6000E+01 3.6000E+01 3.9000E+01 3.5500E+01 3.3000E+01 3.5000E+01 3.6000E+01 3.6000E+01 2.6000E+01 2.9000E+01 3.6500E+01 1.7000E+01 1.0000E+01 9.0000E+00 1.0000E+01 1.0000E+01 7.0000E+00 4.0000E+00 1.0000E+00 1.0000E+00 0.0000E+00 0.0000E+00 0.0000E+00 0.0000E+00 0.0000E+00 0.0000E+00 0.0000E+00 0.0000E+00 0.0000E+00 0.0000E+00 0.0000E+00 0.0000E+00 0.0000E+00 0.0000E+00 0.0000E+00 0.0000E+00
1.5400E+02 1.7900E+02 2.1100E+02 2.0300E+02 1.7700E+02 1.5600E+02 1.7000E+02 1.8600E+02 2.1100E+02 2.4400E+02 2.1200E+02 1.4400E+02 1.1400E+02 8.1000E+01 7.4000E+01 7.1000E+01 5.4000E+01 4.9000E+01 4.5500E+01 4.2000E+01 4.0000E+01 3.7000E+01 3.8000E+01 4.1000E+01 3.8500E+01 3.9000E+01 4.0000E+01 3.9000E+01 3.2000E+01 3.2000E+01 3.6000E+01 2.7000E+01 1.9000E+01 1.6000E+01 1.0000E+01 8.0000E+00 7.0000E+00 6.0000E+00 3.0000E+00 2.0000E+00 1.0000E+00 0.0000E+00 0.0000E+00 0.0000E+00 0.0000E+00 0.0000E+00 0.0000E+00 0.0000E+00 0.0000E+00 0.0000E+00 0.0000E+00 0.0000E+00 0.0000E+00 0.0000E+00 0.0000E+00 0.0000E+00 0.0000E+00
1.5200E+02 1.8800E+02 2.2100E+02 2.2800E+02 2.2900E+02 1.8100E+02 1.7800E+02 1.6500E+02 1.7900E+02 1.8900E+02 1.9500E+02 1.6200E+02 1.0000E+02 8.9000E+01 9.3000E+01 7.4000E+01 6.6000E+01 5.3000E+01 4.7500E+01 4.3000E+01 4.1000E+01 3.8000E+01 4.0000E+01 4.3000E+01 4.1000E+01 4.2000E+01 4.1000E+01 3.7000E+01 3.3000E+01 3.1000E+01 3.0000E+01 1.9000E+01 1.6000E+01 1.4000E+01 1.0000E+01 9.0000E+00 9.0000E+00 6.0000E+00 4.0000E+00 3.0000E+00 1.0000E+00 1.0000E+00 0.0000E+00 0.0000E+00 0.0000E+00 0.0000E+00 0.0000E+00 0.0000E+00 0.0000E+00 0.0000E+00 0.0000E+00 0.0000E+00 0.0000E+00 0.0000E+00 0.0000E+00 0.0000E+00 0.0000E+00
1.5200E+02 1.7700E+02 2.3800E+02 2.5400E+02 2.5350E+02 1.9600E+02 1.8800E+02 1.7100E+02 2.0200E+02 2.3200E+02 2.5500E+02 1.9200E+02 1.1800E+02 1.2000E+02 1.1000E+02 9.0000E+01 7.1000E+01 5.6000E+01 4.8500E+01 4.1000E+01 4.0000E+01 4.1000E+01 4.4000E+01 4.7000E+01 4.5000E+01 4.8000E+01 4.4000E+01 3.6000E+01 3.1000E+01 2.6000E+01 2.1000E+01 2.0500E+01 2.0000E+01 1.7000E+01 1.2000E+01 1.4000E+01 1.4000E+01 1.1500E+01 8.0000E+00 7.0000E+00 3.0000E+00 1.0000E+00 0.0000E+00 0.0000E+00 0.0000E+00 0.0000E+00 0.0000E+00 0.0000E+00 0.0000E+00 0.0000E+00 0.0000E+00 0.0000E+00 0.0000E+00 0.0000E+00 0.0000E+00 0.0000E+00 0.0000E+00
1.8000E+02 1.6700E+02 1.9200E+02 2.1800E+02 2.2200E+02 1.8300E+02 1.8000E+02 1.8000E+02 2.1000E+02 2.8300E+02 2.8900E+02 2.3900E+02 1.5800E+02 1.7200E+02 1.4000E+02 1.1000E+02 7.8000E+01 6.0000E+01 4.9500E+01 4.6000E+01 4.5000E+01 4.9000E+01 5.4000E+01 5.0000E+01 5.0000E+01 5.1000E+01 4.2000E+01 3.5000E+01 3.1000E+01 2.6000E+01 2.3000E+01 2.1500E+01 1.8000E+01 1.8000E+01 1.7000E+01 1.9000E+01 2.1000E+01 2.1000E+01 1.3000E+01 1.0000E+01 5.0000E+00 1.0000E+00 0.0000E+00 0.0000E+00 0.0000E+00 0.0000E+00 0.0000E+00 0.0000E+00 0.0000E+00 0.0000E+00 0.0000E+00 0.0000E+00 0.0000E+00 0.0000E+00 0.0000E+00 0.0000E+00 0.0000E+00
1.8500E+02 1.6900E+02 1.7400E+02 1.8800E+02 2.1800E+02 2.1400E+02 2.1800E+02 2.0300E+02 2.2900E+02 2.4050E+02 2.5250E+02 2.8150E+02 2.7050E+02 2.1350E+02 1.5800E+02 1.4550E+02 1.4050E+02 1.0400E+02 7.4800E+01 5.8000E+01 5.4000E+01 5.8500E+01 5.5500E+01 5.5000E+01 5.6800E+01 5.2000E+01 4.8500E+01 4.3500E+01 3.8000E+01 3.1000E+01 2.5000E+01 2.6000E+01 2.3000E+01 2.4000E+01 2.4000E+01 2.6000E+01 2.6000E+01 2.2500E+01 9.0000E+00 5.0000E+00 1.0000E+00 0.0000E+00 0.0000E+00 0.0000E+00 0.0000E+00 -9.9900E+02 -9.9900E+02 0.0000E+00 -9.9900E+02 -9.9900E+02 0.0000E+00 0.0000E+00 -9.9900E+02 0.0000E+00 0.0000E+00 0.0000E+00 -9.9900E+02
1.7650E+02 1.7250E+02 1.9200E+02 2.0150E+02 2.2330E+02 2.2100E+02 2.2500E+02 2.1800E+02 2.3200E+02 2.5900E+02 2.5900E+02 2.6100E+02 2.6600E+02 2.2600E+02 2.2500E+02 2.0200E+02 2.1100E+02 1.7600E+02 9.3000E+01 7.6000E+01 6.6000E+01 6.4000E+01 6.2000E+01 6.3000E+01 5.8500E+01 5.6000E+01 4.7000E+01 4.0000E+01 4.1500E+01 3.4000E+01 3.0000E+01 3.0300E+01 3.3000E+01 3.3500E+01 3.4500E+01 3.2500E+01 2.7500E+01 2.1500E+01 1.2500E+01 6.0000E+00 1.0000E+00 -9.9900E+02 -9.9900E+02 -9.9900E+02 0.0000E+00 4.5000E+00 2.0000E+00 1.0000E+00 1.0000E+00 1.0000E+00 1.8000E+00 1.5000E+00 -9.9900E+02 -9.9900E+02 -9.9900E+02 0.0000E+00 1.0000E+00
1.4700E+02 1.5400E+02 1.5600E+02 1.5900E+02 1.8000E+02 1.8200E+02 2.1400E+02 2.6200E+02 2.6800E+02 3.0200E+02 2.8400E+02 2.6450E+02 3.0100E+02 2.1200E+02 1.9800E+02 1.9400E+02 2.1700E+02 1.7000E+02 1.2050E+02 8.2000E+01 7.4000E+01 7.7000E+01 6.8000E+01 6.0000E+01 5.4000E+01 4.4000E+01 4.1000E+01 4.1000E+01 3.8000E+01 3.3000E+01 3.5000E+01 3.4500E+01 3.8000E+01 4.2000E+01 3.9000E+01 3.8000E+01 3.9000E+01 2.3500E+01 1.5000E+01 1.1000E+01 1.2000E+01 1.4000E+01 1.1000E+01 2.0000E+00 3.5000E+00 5.0000E+00 8.0000E+00 9.0000E+00 4.0000E+00 4.0000E+00 6.0000E+00 5.0000E+00 2.0000E+00 3.0000E+00 1.0000E+00 1.0000E+00 0.0000E+00
