sources/PRTMET/v4.481/qaterr.grd
DSAA
         264         200
      0.5000    263.5000
      0.5000    199.5000
 -0.9990E+03  0.1618E+04
[rows 75 to 99 of 200, columns 171 to 227 of 264]
1.7000E+02 1.5300E+02 1.5600E+02 1.5900E+02 1.5500E+02 1.4300E+02 1.3700E+02 1.3700E+02 1.2800E+02 1.2600E+02 1.2900E+02 1.4000E+02 1.4200E+02 1.2400E+02 1.0700E+02 1.6200E+02 2.4200E+02 2.4200E+02 2.0500E+02 2.0800E+02 2.2400E+02 2.0500E+02 2.9100E+02 3.4700E+02 3.2600E+02 2.8900E+02 2.6800E+02 2.7700E+02 3.3250E+02 3.8000E+02 3.8500E+02 3.7600E+02 3.8400E+02 3.7900E+02 3.5100E+02 2.9050E+02 1.9900E+02 1.5300E+02 1.0900E+02 6.1000E+01 6.1000E+01 6.1000E+01 4.8000E+01 5.0000E+01 4.9000E+01 5.9000E+01 7.2000E+01 6.1000E+01 4.7500E+01 4.4000E+01 4.8000E+01 5.5000E+01 6.8000E+01 7.5000E+01 7.7000E+01 1.0550E+02 1.3000E+02
1.7600E+02 1.5850E+02 1.4700E+02 1.4300E+02 1.3500E+02 1.3200E+02 1.2600E+02 1.2800E+02 1.4250E+02 1.3900E+02 1.2600E+02 1.1700E+02 1.2400E+02 1.1100E+02 1.1750E+02 1.2200E+02 1.4300E+02 1.3200E+02 1.2700E+02 1.3000E+02 1.4100E+02 1.8950E+02 2.9200E+02 3.3200E+02 3.1700E+02 2.6400E+02 2.2300E+02 2.2900E+02 2.8750E+02 3.2600E+02 3.4400E+02 3.3800E+02 2.9400E+02 2.5200E+02 2.4100E+02 2.2050E+02 1.7200E+02 1.1900E+02 7.7000E+01 6.7000E+01 8.1000E+01 5.9500E+01 5.6000E+01 6.0000E+01 5.8000E+01 5.8000E+01 7.4000E+01 7.4000E+01 5.6000E+01 5.1000E+01 5.3000E+01 6.4000E+01 7.9000E+01 9.2000E+01 9.1000E+01 9.9500E+01 1.3600E+02
1.6950E+02 1.7130E+02 1.5150E+02 1.4700E+02 1.4800E+02 1.5000E+02 1.4100E+02 1.4700E+02 1.6500E+02 1.5400E+02 1.3500E+02 1.2000E+02 1.1500E+02 1.2300E+02 1.3200E+02 1.3300E+02 1.4000E+02 1.5500E+02 1.4700E+02 1.5300E+02 1.4300E+02 1.7200E+02 2.3900E+02 3.0500E+02 3.2500E+02 2.7900E+02 2.0900E+02 1.8700E+02 2.1750E+02 2.6000E+02 2.8100E+02 2.7200E+02 2.3300E+02 1.7000E+02 1.4100E+02 1.2400E+02 8.4000E+01 6.9000E+01 8.6000E+01 8.0000E+01 6.6000E+01 5.9500E+01 6.3000E+01 7.4000E+01 6.6000E+01 6.0000E+01 7.5000E+01 7.8000E+01 6.5500E+01 5.8000E+01 5.9000E+01 7.7000E+01 8.7000E+01 1.0200E+02 1.0500E+02 1.0300E+02 1.4800E+02
1.8800E+02 1.8600E+02 1.8400E+02 1.6800E+02 1.7500E+02 1.6700E+02 1.5900E+02 1.7000E+02 1.6600E+02 1.5450E+02 1.4350E+02 1.4500E+02 1.2900E+02 1.3800E+02 1.4830E+02 1.5000E+02 1.4250E+02 1.5250E+02 1.6750E+02 1.7950E+02 1.6000E+02 1.7880E+02 1.9850E+02 2.3200E+02 2.7850E+02 3.2550E+02 3.2100E+02 2.0750E+02 1.5500E+02 1.6000E+02 1.8400E+02 1.7800E+02 1.7300E+02 1.3700E+02 1.0300E+02 8.2000E+01 8.2000E+01 9.4000E+01 8.4000E+01 6.7000E+01 6.5000E+01 6.5500E+01 7.7000E+01 9.0000E+01 7.1000E+01 6.3000E+01 7.0000E+01 7.9000E+01 7.1500E+01 6.2000E+01 6.6000E+01 8.0000E+01 9.8000E+01 1.1000E+02 1.2000E+02 1.3100E+02 1.6800E+02
2.2100E+02 1.8700E+02 1.9800E+02 1.9000E+02 1.9800E+02 1.9200E+02 1.9500E+02 1.9600E+02 1.8200E+02 1.7600E+02 1.8000E+02 1.7200E+02 1.4400E+02 1.4000E+02 1.6000E+02 1.5900E+02 1.5900E+02 1.4900E+02 1.4900E+02 1.5900E+02 1.6400E+02 1.8950E+02 2.0400E+02 1.9600E+02 1.8400E+02 1.9900E+02 2.3700E+02 2.3500E+02 1.6600E+02 1.1900E+02 1.1400E+02 1.0500E+02 1.1200E+02 1.0150E+02 9.8000E+01 1.0530E+02 9.9000E+01 8.7500E+01 7.7500E+01 7.5000E+01 8.0000E+01 7.8500E+01 9.1000E+01 9.9000E+01 8.6500E+01 8.6000E+01 8.8000E+01 8.5500E+01 9.0300E+01 7.1000E+01 7.5500E+01 8.4000E+01 1.0300E+02 1.3100E+02 1.5300E+02 1.7850E+02 2.1350E+02
2.2100E+02 2.1300E+02 2.2000E+02 2.2700E+02 2.5700E+02 2.8200E+02 2.9600E+02 2.6400E+02 2.2550E+02 2.0600E+02 1.9100E+02 1.6300E+02 1.6200E+02 1.4800E+02 1.6550E+02 1.7300E+02 1.8100E+02 1.5900E+02 1.6600E+02 1.6900E+02 1.8000E+02 1.8650E+02 1.8900E+02 1.8100E+02 1.5900E+02 1.5000E+02 1.4200E+02 1.3200E+02 1.1750E+02 1.0100E+02 1.1000E+02 1.2900E+02 1.1900E+02 1.1900E+02 1.1900E+02 1.1250E+02 9.1000E+01 8.2000E+01 9.7000E+01 9.4000E+01 9.7000E+01 9.6000E+01 1.0800E+02 1.1400E+02 1.0400E+02 1.0100E+02 1.0600E+02 9.4000E+01 1.0650E+02 9.5000E+01 8.7000E+01 9.2000E+01 1.0700E+02 1.4700E+02 1.8000E+02 2.3000E+02 2.9900E+02
2.2600E+02 2.6600E+02 3.0400E+02 3.0300E+02 3.0900E+02 3.0600E+02 3.1900E+02 3.1200E+02 2.5700E+02 2.0300E+02 1.7300E+02 1.8000E+02 1.8500E+02 1.5700E+02 1.6650E+02 1.8700E+02 1.8500E+02 1.7300E+02 1.8800E+02 1.9000E+02 1.9200E+02 2.0000E+02 1.8600E+02 1.6200E+02 1.5100E+02 1.5100E+02 1.5200E+02 1.3600E+02 1.1900E+02 1.2700E+02 1.3500E+02 1.4800E+02 1.4300E+02 1.3300E+02 1.1600E+02 9.8000E+01 9.3000E+01 9.5000E+01 1.0300E+02 1.0600E+02 1.1100E+02 1.2600E+02 1.3400E+02 1.4600E+02 1.3300E+02 1.2400E+02 1.2000E+02 1.0200E+02 1.1950E+02 1.0500E+02 9.6000E+01 1.1100E+02 1.2800E+02 1.6200E+02 2.1100E+02 2.7800E+02 4.1900E+02
2.6100E+02 3.0100E+02 3.1100E+02 3.0000E+02 2.9000E+02 2.9800E+02 3.0400E+02 2.9200E+02 2.3450E+02 1.8900E+02 1.9000E+02 2.0100E+02 1.9700E+02 1.7500E+02 1.7050E+02 1.9600E+02 1.9500E+02 1.8900E+02 2.0600E+02 2.0800E+02 2.0900E+02 2.0250E+02 1.8000E+02 1.6300E+02 1.5700E+02 1.6300E+02 1.5200E+02 1.3000E+02 1.4150E+02 1.5300E+02 1.5400E+02 1.5000E+02 1.3900E+02 1.2500E+02 1.1000E+02 1.0100E+02 1.0900E+02 1.0200E+02 1.1700E+02 1.2700E+02 1.2800E+02 1.5950E+02 1.6300E+02 1.6600E+02 1.5200E+02 1.5100E+02 1.3200E+02 1.1900E+02 1.3050E+02 1.4100E+02 1.3000E+02 1.3800E+02 1.5900E+02 1.7300E+02 2.2600E+02 3.6850E+02 5.0900E+02
2.8100E+02 2.8500E+02 2.7100E+02 2.9100E+02 2.7400E+02 3.2100E+02 3.2700E+02 3.0500E+02 2.5000E+02 2.1700E+02 2.1900E+02 2.3200E+02 2.1100E+02 1.9200E+02 1.8200E+02 2.2900E+02 2.2200E+02 2.0500E+02 2.4200E+02 2.5300E+02 2.5800E+02 2.2150E+02 1.9400E+02 1.8900E+02 1.7900E+02 1.7600E+02 1.4400E+02 1.3200E+02 1.6050E+02 1.6500E+02 1.6300E+02 1.4500E+02 1.3200E+02 1.2700E+02 1.2350E+02 1.1800E+02 1.1900E+02 1.2600E+02 1.4100E+02 1.5500E+02 1.5900E+02 1.7800E+02 1.8600E+02 1.9000E+02 1.7900E+02 1.7400E+02 1.4900E+02 1.3900E+02 1.4800E+02 1.4000E+02 1.4400E+02 1.7100E+02 1.9000E+02 2.0100E+02 2.4300E+02 4.7350E+02 6.7100E+02
3.0500E+02 3.0900E+02 2.7600E+02 2.6200E+02 2.7500E+02 3.1100E+02 3.5800E+02 3.5700E+02 3.1350E+02 2.8800E+02 2.7200E+02 2.5500E+02 2.1300E+02 1.9600E+02 1.8700E+02 2.1700E+02 2.3300E+02 2.3700E+02 2.5600E+02 2.8200E+02 3.0100E+02 2.5800E+02 2.1400E+02 2.0400E+02 1.9400E+02 1.6800E+02 1.4200E+02 1.5500E+02 1.6750E+02 1.8600E+02 1.5900E+02 1.4500E+02 1.4300E+02 1.4300E+02 1.4300E+02 1.4100E+02 1.4000E+02 1.4600E+02 1.7600E+02 1.9100E+02 2.1100E+02 2.1200E+02 2.2700E+02 2.1800E+02 2.1900E+02 2.1400E+02 1.8800E+02 1.7800E+02 1.8300E+02 1.6400E+02 1.6000E+02 1.9500E+02 2.0600E+02 2.5600E+02 2.7900E+02 4.3700E+02 5.6500E+02
3.0300E+02 2.8600E+02 2.8500E+02 2.5400E+02 2.8400E+02 3.0200E+02 3.3100E+02 3.5200E+02 3.4100E+02 3.0800E+02 2.9900E+02 2.8600E+02 2.3400E+02 2.0000E+02 1.9550E+02 2.1000E+02 2.4400E+02 2.8800E+02 2.9900E+02 2.6600E+02 2.5900E+02 2.4450E+02 2.3200E+02 2.0700E+02 1.9900E+02 1.5400E+02 1.8100E+02 1.8700E+02 1.6650E+02 1.9000E+02 1.7500E+02 1.6200E+02 1.5300E+02 1.6400E+02 1.8450E+02 2.6900E+02 2.8000E+02 3.0400E+02 3.2300E+02 3.3700E+02 3.6700E+02 3.4650E+02 3.4600E+02 2.9700E+02 2.8700E+02 2.7700E+02 2.8100E+02 2.7300E+02 2.5400E+02 2.0000E+02 1.8200E+02 1.8900E+02 2.0900E+02 2.4600E+02 2.8500E+02 3.5100E+02 4.3900E+02
3.2100E+02 2.7700E+02 2.4000E+02 2.4600E+02 2.9300E+02 3.1200E+02 3.5000E+02 3.6400E+02 3.3100E+02 2.9000E+02 2.9600E+02 2.9700E+02 2.5800E+02 2.1700E+02 2.0650E+02 2.3000E+02 2.8600E+02 2.8400E+02 2.5800E+02 2.4500E+02 2.2300E+02 2.0400E+02 2.1400E+02 1.9700E+02 1.8500E+02 1.7200E+02 2.0800E+02 2.0500E+02 1.8900E+02 1.8200E+02 1.9500E+02 1.8900E+02 1.8900E+02 2.2200E+02 3.3600E+02 4.4800E+02 4.6000E+02 4.8300E+02 4.7300E+02 4.8500E+02 4.8300E+02 4.5850E+02 4.3100E+02 4.0500E+02 3.7600E+02 3.4800E+02 3.7800E+02 3.8500E+02 3.8550E+02 3.0700E+02 2.5900E+02 2.5100E+02 2.5300E+02 2.4600E+02 2.6900E+02 3.3700E+02 4.6800E+02
3.2200E+02 2.7150E+02 2.3600E+02 2.6300E+02 2.6000E+02 2.8100E+02 3.1700E+02 3.2850E+02 2.8200E+02 3.0100E+02 3.0200E+02 3.0400E+02 2.8900E+02 2.4400E+02 2.2000E+02 2.8300E+02 2.9800E+02 2.8900E+02 2.6200E+02 2.4200E+02 2.3100E+02 2.0850E+02 2.1800E+02 2.0800E+02 1.8000E+02 1.7300E+02 2.0800E+02 2.4000E+02 1.9300E+02 1.8800E+02 2.0000E+02 2.1900E+02 2.8500E+02 3.9900E+02 5.1950E+02 5.9100E+02 5.7500E+02 5.8200E+02 5.8700E+02 5.7600E+02 5.6100E+02 5.4750E+02 5.2500E+02 5.4500E+02 5.0800E+02 4.5900E+02 4.3900E+02 4.6000E+02 5.0950E+02 4.4900E+02 3.7100E+02 3.8100E+02 3.5300E+02 3.5200E+02 3.4800E+02 4.1400E+02 5.0500E+02
3.0200E+02 2.5800E+02 2.3900E+02 2.7900E+02 3.0200E+02 3.0000E+02 2.8900E+02 3.2800E+02 3.1100E+02 3.3200E+02 3.3300E+02 3.1300E+02 3.1700E+02 2.6500E+02 2.5350E+02 2.9600E+02 3.0200E+02 2.8400E+02 2.6900E+02 2.5600E+02 2.3800E+02 2.2550E+02 2.2500E+02 2.0300E+02 1.9400E+02 2.1500E+02 1.9500E+02 2.2000E+02 2.2750E+02 2.1600E+02 2.5300E+02 3.2600E+02 4.4700E+02 5.5400E+02 5.9200E+02 6.6100E+02 6.7600E+02 6.8700E+02 6.9500E+02 7.0300E+02 6.5900E+02 6.4850E+02 6.6500E+02 6.6900E+02 6.2900E+02 5.9400E+02 5.3000E+02 5.3200E+02 5.9850E+02 5.6700E+02 4.8800E+02 5.0900E+02 4.9100E+02 5.0100E+02 4.7200E+02 4.9000E+02 4.7700E+02
2.7650E+02 2.6130E+02 2.5200E+02 3.0450E+02 3.6200E+02 3.6750E+02 3.7050E+02 4.2700E+02 3.2700E+02 3.5300E+02 3.6400E+02 3.3000E+02 3.3000E+02 2.7500E+02 2.9100E+02 3.0700E+02 3.5900E+02 3.2800E+02 3.0600E+02 2.9400E+02 2.7300E+02 2.4200E+02 2.2000E+02 1.9200E+02 2.5500E+02 2.9600E+02 2.4800E+02 2.2900E+02 2.5550E+02 3.2900E+02 4.9500E+02 4.7700E+02 5.5200E+02 6.0500E+02 6.3700E+02 6.5400E+02 6.9700E+02 7.1700E+02 7.5100E+02 7.6600E+02 7.6300E+02 7.5500E+02 7.5200E+02 7.3200E+02 7.5500E+02 6.8700E+02 6.4100E+02 6.1700E+02 6.7950E+02 6.4400E+02 6.1400E+02 6.2300E+02 5.9500E+02 5.6800E+02 5.4850E+02 5.2500E+02 5.3100E+02
2.4100E+02 2.3300E+02 2.4000E+02 3.0400E+02 3.6300E+02 3.9900E+02 4.0800E+02 5.2000E+02 4.5750E+02 4.4250E+02 3.8450E+02 3.7450E+02 3.7000E+02 3.6500E+02 4.2430E+02 4.7150E+02 3.9150E+02 3.5250E+02 3.3350E+02 3.0050E+02 2.6500E+02 2.4300E+02 2.3300E+02 2.6600E+02 3.0900E+02 3.1000E+02 3.1700E+02 3.1950E+02 3.4680E+02 4.2050E+02 4.8150E+02 5.0950E+02 5.8350E+02 5.9250E+02 5.9670E+02 6.6200E+02 7.0500E+02 7.2500E+02 7.6000E+02 7.6100E+02 7.6600E+02 7.9150E+02 7.9400E+02 7.9200E+02 7.7000E+02 7.5700E+02 7.3100E+02 7.0600E+02 7.1600E+02 6.9500E+02 7.0400E+02 6.8100E+02 6.9200E+02 6.5100E+02 6.3550E+02 6.1500E+02 6.2500E+02
2.0900E+02 2.1300E+02 2.3200E+02 3.0600E+02 3.5300E+02 3.7200E+02 4.0600E+02 5.8500E+02 6.3700E+02 5.2000E+02 4.2400E+02 3.9700E+02 4.1400E+02 5.2000E+02 6.2250E+02 5.4700E+02 4.4000E+02 3.7500E+02 3.6300E+02 3.1900E+02 2.6100E+02 2.6500E+02 2.7400E+02 3.0500E+02 3.0100E+02 2.9800E+02 2.9700E+02 3.8100E+02 4.1200E+02 4.0600E+02 4.0400E+02 4.2300E+02 4.5400E+02 4.8500E+02 5.1030E+02 5.9300E+02 6.6600E+02 7.1400E+02 7.3550E+02 7.4750E+02 7.7000E+02 7.9750E+02 8.0000E+02 8.0000E+02 8.0100E+02 7.8250E+02 7.8450E+02 7.6500E+02 7.3900E+02 7.4250E+02 7.5850E+02 7.5800E+02 7.3350E+02 7.4600E+02 7.5300E+02 7.5100E+02 7.5250E+02
1.8600E+02 2.5750E+02 3.2200E+02 2.4000E+02 3.1900E+02 4.0300E+02 4.8600E+02 6.3250E+02 5.5800E+02 4.0400E+02 3.7300E+02 3.7400E+02 3.7800E+02 3.8600E+02 5.4800E+02 4.9600E+02 4.0400E+02 3.5700E+02 3.3000E+02 3.1100E+02 2.9900E+02 3.2050E+02 3.2600E+02 3.2200E+02 3.0400E+02 2.9400E+02 2.8800E+02 3.7400E+02 4.2400E+02 4.0400E+02 3.9700E+02 3.9200E+02 3.9800E+02 4.4000E+02 4.4600E+02 5.0800E+02 5.6500E+02 6.0600E+02 6.4300E+02 6.6300E+02 7.0000E+02 7.6900E+02 7.9800E+02 8.0700E+02 8.1300E+02 8.1900E+02 8.1200E+02 8.0300E+02 7.4950E+02 7.1400E+02 7.5400E+02 7.6600E+02 7.7300E+02 7.9300E+02 8.1650E+02 8.3700E+02 8.2100E+02
1.9200E+02 2.7150E+02 3.3800E+02 2.7400E+02 2.6800E+02 3.9500E+02 5.2800E+02 6.1950E+02 4.0800E+02 3.4000E+02 3.2400E+02 3.8700E+02 3.2400E+02 3.2600E+02 4.2700E+02 5.1400E+02 4.4400E+02 4.3100E+02 3.7000E+02 3.9400E+02 4.1900E+02 3.7450E+02 4.0100E+02 3.8000E+02 3.1000E+02 2.8600E+02 2.9300E+02 3.8550E+02 4.5800E+02 4.4100E+02 4.1000E+02 3.9700E+02 3.8300E+02 4.1100E+02 4.2750E+02 5.0400E+02 5.1600E+02 5.0000E+02 5.7800E+02 6.0200E+02 6.7200E+02 7.2750E+02 7.5100E+02 7.8200E+02 8.1800E+02 8.2200E+02 8.2500E+02 8.0200E+02 7.7250E+02 7.2200E+02 7.3800E+02 7.2100E+02 7.4400E+02 7.9800E+02 8.5100E+02 8.5500E+02 8.1700E+02
2.1800E+02 3.1300E+02 3.2800E+02 2.9800E+02 2.6700E+02 3.4100E+02 4.9200E+02 4.5350E+02 3.3000E+02 3.0800E+02 2.9100E+02 3.4400E+02 3.3800E+02 3.0700E+02 3.1450E+02 3.8200E+02 4.6100E+02 5.2400E+02 5.2500E+02 5.4200E+02 5.1000E+02 4.3800E+02 3.8100E+02 3.9700E+02 3.7500E+02 2.9400E+02 3.3800E+02 4.2100E+02 4.8600E+02 4.9500E+02 4.5700E+02 4.0600E+02 3.8000E+02 3.8000E+02 4.1250E+02 4.9400E+02 4.5000E+02 4.9600E+02 5.3200E+02 5.1800E+02 5.8100E+02 6.3200E+02 7.0300E+02 7.5500E+02 7.7600E+02 7.8300E+02 7.8600E+02 7.8250E+02 7.4000E+02 7.2100E+02 7.4400E+02 7.5200E+02 7.3400E+02 7.8700E+02 8.6550E+02 8.8100E+02 8.4500E+02
2.3200E+02 3.2750E+02 4.1000E+02 4.1500E+02 3.1900E+02 2.9100E+02 3.0400E+02 3.2650E+02 2.9200E+02 3.0100E+02 2.7500E+02 2.8000E+02 3.4800E+02 3.0000E+02 2.9500E+02 3.1000E+02 3.0700E+02 4.5100E+02 5.6300E+02 6.0100E+02 4.8000E+02 4.0000E+02 3.4300E+02 3.3400E+02 3.4400E+02 3.0200E+02 3.7300E+02 4.2100E+02 4.5700E+02 4.6100E+02 4.4600E+02 4.1600E+02 4.0300E+02 3.8100E+02 4.0750E+02 4.1600E+02 3.9700E+02 4.7500E+02 4.7400E+02 4.5700E+02 4.6200E+02 5.1850E+02 6.4200E+02 7.1600E+02 6.9800E+02 7.0200E+02 7.4100E+02 7.5750E+02 7.2700E+02 7.2200E+02 7.3000E+02 7.5700E+02 7.4200E+02 7.7200E+02 8.3050E+02 8.6400E+02 8.2300E+02
3.3100E+02 2.9400E+02 4.0800E+02 4.7100E+02 4.7800E+02 3.2400E+02 2.6900E+02 2.8750E+02 2.7900E+02 3.0700E+02 2.9000E+02 2.6900E+02 2.7100E+02 3.0200E+02 2.8350E+02 2.7400E+02 3.0000E+02 3.4400E+02 3.5900E+02 5.5100E+02 5.5300E+02 4.9350E+02 4.3700E+02 3.9000E+02 2.9700E+02 2.7600E+02 3.4600E+02 3.8900E+02 4.2400E+02 4.3100E+02 4.2900E+02 4.4800E+02 4.1500E+02 3.8300E+02 4.1000E+02 3.8200E+02 3.6800E+02 4.3000E+02 4.0500E+02 4.3000E+02 4.6900E+02 4.1500E+02 5.2800E+02 6.0500E+02 5.2000E+02 4.9900E+02 5.9000E+02 7.3600E+02 7.4100E+02 7.3000E+02 7.3600E+02 7.4800E+02 7.3800E+02 7.4400E+02 7.6950E+02 8.3300E+02 8.1700E+02
2.1600E+02 3.3850E+02 4.2100E+02 5.1800E+02 4.7800E+02 3.0300E+02 2.7500E+02 2.6150E+02 2.5700E+02 2.9400E+02 2.7300E+02 2.4700E+02 2.5500E+02 2.7800E+02 2.6750E+02 3.2600E+02 3.2100E+02 3.2700E+02 4.4300E+02 4.6100E+02 4.9000E+02 3.7600E+02 3.2800E+02 2.8700E+02 2.7400E+02 2.5100E+02 3.4000E+02 3.7950E+02 3.8900E+02 3.9300E+02 3.9900E+02 4.2400E+02 4.1800E+02 3.9600E+02 3.7000E+02 3.4700E+02 4.2600E+02 4.3900E+02 3.2500E+02 3.8500E+02 3.6100E+02 4.2800E+02 4.5900E+02 4.5600E+02 3.8000E+02 4.3300E+02 4.9600E+02 6.9350E+02 7.2900E+02 6.9900E+02 7.1700E+02 6.9300E+02 6.1200E+02 6.7400E+02 7.3750E+02 8.1100E+02 7.6100E+02
1.8900E+02 3.7550E+02 4.4300E+02 5.3200E+02 5.2800E+02 3.0900E+02 2.7400E+02 2.3400E+02 2.2700E+02 2.4400E+02 2.2300E+02 2.2000E+02 2.4400E+02 2.3600E+02 2.4700E+02 2.7700E+02 2.9100E+02 3.6300E+02 4.4800E+02 3.9600E+02 3.9200E+02 3.2300E+02 2.9000E+02 3.1000E+02 4.0400E+02 2.9900E+02 3.1100E+02 3.6300E+02 2.9800E+02 3.8300E+02 3.6900E+02 3.9200E+02 3.9700E+02 4.1000E+02 3.4250E+02 3.1000E+02 4.2000E+02 3.9100E+02 2.5600E+02 3.1100E+02 2.6200E+02 4.3700E+02 4.2500E+02 3.0600E+02 3.4000E+02 3.9500E+02 3.9800E+02 6.3300E+02 7.1000E+02 6.7300E+02 6.4300E+02 6.2600E+02 5.8800E+02 5.8900E+02 6.3150E+02 7.0000E+02 7.4800E+02
1.8900E+02 2.5400E+02 2.8500E+02 3.1400E+02 4.8900E+02 3.1700E+02 2.4500E+02 2.0150E+02 2.0600E+02 2.0700E+02 2.1500E+02 2.3300E+02 2.1200E+02 2.2200E+02 2.3800E+02 2.5400E+02 2.6500E+02 3.7600E+02 3.9600E+02 3.8500E+02 3.3100E+02 3.1450E+02 2.6500E+02 2.9200E+02 4.1900E+02 4.5900E+02 3.3100E+02 2.8950E+02 2.6900E+02 3.3700E+02 4.0700E+02 3.6000E+02 2.9000E+02 2.7100E+02 2.7700E+02 3.0000E+02 3.8000E+02 3.3200E+02 2.3100E+02 2.6900E+02 3.5000E+02 4.5950E+02 4.3800E+02 3.0400E+02 2.7900E+02 4.0700E+02 5.4100E+02 5.6400E+02 5.0200E+02 5.2400E+02 5.1700E+02 4.9200E+02 5.2100E+02 5.0800E+02 5.6600E+02 6.8100E+02 7.1400E+02
